[gd_scene load_steps=11 format=3 uid="uid://dldd3obkxo5mx"]

[ext_resource type="PackedScene" uid="uid://dl4hxqrbpe0dd" path="res://Environment/Map Files/Map_Main_2.FBX" id="2_28fgy"]
[ext_resource type="Shape3D" path="res://Alex Test Junk/Map playground/big_craters_collision.res" id="3_62ice"]
[ext_resource type="ArrayMesh" uid="uid://ccs4r5etfg05h" path="res://Environment/Map Files/Map_FloatIsland01.obj" id="3_gg0vi"]
[ext_resource type="PackedScene" uid="uid://dt1jvf850kdle" path="res://Environment/cactus.tscn" id="4_hwtjs"]
[ext_resource type="PackedScene" uid="uid://cfslk25rm24fe" path="res://Environment/Cactus_cluster.tscn" id="5_6m3iq"]

[sub_resource type="ConvexPolygonShape3D" id="ConvexPolygonShape3D_dx1ly"]
points = PackedVector3Array(-0.00114489, -0.000595093, -5.8471, -0.00114489, 0.0172, -5.73492, 1.11837, 0.0172, -5.62503, 1.14012, -0.000595093, -5.73492, 1.11837, -1.14119, -5.62503, -0.00114489, -1.14119, -5.73492, -1.11951, -1.14119, -5.62503, -1.14126, -0.000595093, -5.73492, -1.11951, 0.0172, -5.62503, 2.19438, 0.0172, -5.29879, 2.23673, -0.000595093, -5.40296, 1.05312, -2.23817, -5.29879, -0.00114489, -2.23817, -5.40296, 2.19438, -1.14119, -5.29879, 2.06617, -2.23817, -4.99201, -1.05426, -2.23817, -5.29879, -2.06846, -2.23817, -4.99201, -2.19552, -1.14119, -5.29879, -2.23788, -0.000595093, -5.40296, -2.19552, 0.0172, -5.29879, 3.18568, 0.0172, -4.7688, 3.2475, -0.000595093, -4.86266, 0.947807, -3.24904, -4.7688, -0.00114489, -3.24904, -4.86266, 3.18568, -1.14119, -4.7688, 1.86013, -3.24904, -4.49178, 3.00024, -2.23817, -4.49178, 2.70033, -3.24904, -4.04306, -0.948952, -3.24904, -4.7688, -1.86127, -3.24904, -4.49178, -2.70148, -3.24904, -4.04306, -3.00139, -2.23817, -4.49178, -3.18683, -1.14119, -4.7688, -3.24864, -0.000595093, -4.86266, -3.18683, 0.0172, -4.7688, 4.05451, 0.0172, -4.05565, 4.13349, -0.000595093, -4.13464, 4.05451, -1.14119, -4.05565, 0.805865, -4.13477, -4.05565, -0.00114489, -4.13477, -4.13464, -0.80701, -4.13477, -4.05565, 1.58197, -4.13477, -3.81985, 2.29626, -4.13477, -3.43866, 3.8187, -2.23817, -3.81985, 3.43752, -3.24904, -3.43866, -2.2974, -4.13477, -3.43866, -1.58311, -4.13477, -3.81985, -2.92469, -4.13477, -2.92469, -3.43866, -3.24904, -3.43866, -3.81985, -2.23817, -3.81985, -4.05565, -1.14119, -4.05565, -4.13464, -0.000595093, -4.13464, -4.05565, 0.0172, -4.05565, 4.76765, 0.0172, -3.18683, 4.86152, -0.000595093, -3.24864, 4.76765, -1.14119, -3.18683, 4.49064, -2.23817, -3.00139, 0.633016, -4.86206, -3.18683, -0.00114489, -4.86206, -3.24864, -0.634161, -4.86206, -3.18683, 1.80404, -4.86206, -2.70148, 1.24199, -4.86206, -3.00139, 2.9224, -4.13477, -2.92469, 4.04192, -3.24904, -2.70148, 3.43752, -4.13477, -2.2974, -1.80518, -4.86206, -2.70148, -1.24314, -4.86206, -3.00139, -2.2974, -4.86206, -2.2974, -2.70148, -4.86206, -1.80518, -3.43866, -4.13477, -2.2974, -4.04306, -3.24904, -2.70148, -4.49178, -2.23817, -3.00139, -4.7688, -1.14119, -3.18683, -4.86266, -0.000595093, -3.24864, -4.7688, 0.0172, -3.18683, 5.29765, 0.0172, -2.19552, 5.40181, -0.000595093, -2.23788, 5.29765, -1.14119, -2.19552, 4.98972, -2.23817, -2.06846, 0.856231, -5.40223, -2.06846, 0.436129, -5.40223, -2.19552, -0.437274, -5.40223, -2.19552, -0.00114489, -5.40223, -2.23788, -0.857377, -5.40223, -2.06846, 1.58197, -5.40223, -1.58311, 1.24199, -5.40223, -1.86127, 2.29626, -4.86206, -2.2974, 4.49064, -3.24904, -1.86127, 2.70033, -4.86206, -1.80518, 3.8187, -4.13477, -1.58311, -1.24314, -5.40223, -1.86127, -1.58311, -5.40223, -1.58311, -3.00139, -4.86206, -1.24314, -3.81985, -4.13477, -1.58311, -1.86127, -5.40223, -1.24314, -2.06846, -5.40223, -0.857377, -4.49178, -3.24904, -1.86127, -4.99201, -2.23817, -2.06846, -5.29879, -1.14119, -2.19552, -5.40296, -0.000595093, -2.23788, -5.29879, 0.0172, -2.19552, 5.62388, 0.0172, -1.11951, 5.73377, -0.000595093, -1.14126, 5.62388, -1.14119, -1.11951, 5.29765, -2.23817, -1.05426, 4.76765, -3.24904, -0.948952, 0.633016, -5.73516, -0.948952, 0.436129, -5.73516, -1.05426, 0.222071, -5.73516, -1.11951, -0.00114489, -5.73516, -1.14126, -0.223216, -5.73516, -1.11951, -0.437274, -5.73516, -1.05426, -0.634161, -5.73516, -0.948952, 1.86013, -5.40223, -1.24314, 0.947807, -5.73516, -0.634161, 0.805865, -5.73516, -0.80701, 4.05451, -4.13477, -0.80701, 2.06617, -5.40223, -0.857377, 3.00024, -4.86206, -1.24314, 3.18568, -4.86206, -0.634161, -0.80701, -5.73516, -0.80701, -0.948952, -5.73516, -0.634161, -3.18683, -4.86206, -0.634161, -4.05565, -4.13477, -0.80701, -2.19552, -5.40223, -0.437274, -1.05426, -5.73516, -0.437274, -1.11951, -5.73516, -0.223216, -4.7688, -3.24904, -0.948952, -5.29879, -2.23817, -1.05426, -5.62503, -1.14119, -1.11951, -5.73492, -0.000595093, -1.14126, -5.62503, 0.0172, -1.11951, 5.73377, 0.0172, -0.00114489, 5.8471, -0.000595093, -0.00114489, 5.73377, -1.14119, -0.00114489, 5.40181, -2.23817, -0.00114489, 4.86152, -3.24904, -0.00114489, -0.00114489, -5.8471, -0.00114489, 1.05312, -5.73516, -0.437274, 4.13349, -4.13477, -0.00114489, 2.19438, -5.40223, -0.437274, 3.2475, -4.86206, -0.00114489, -3.24864, -4.86206, -0.00114489, -4.13464, -4.13477, -0.00114489, -4.86266, -3.24904, -0.00114489, -1.14126, -5.73516, -0.00114489, -2.23788, -5.40223, -0.00114489, -5.40296, -2.23817, -0.00114489, -5.73492, -1.14119, -0.00114489, -5.8471, -0.000595093, -0.00114489, -5.73492, 0.0172, -0.00114489, 5.62388, 0.0172, 1.11837, 5.73377, -0.000595093, 1.14012, 5.62388, -1.14119, 1.11837, 5.29765, -2.23817, 1.05312, 4.76765, -3.24904, 0.947807, 4.05451, -4.13477, 0.805865, -0.223216, -5.73516, 1.11837, -0.437274, -5.73516, 1.05312, -0.634161, -5.73516, 0.947807, -0.80701, -5.73516, 0.805865, -0.948952, -5.73516, 0.633016, -1.05426, -5.73516, 0.436129, -1.11951, -5.73516, 0.222071, 1.11837, -5.73516, -0.223216, 1.14012, -5.73516, -0.00114489, 1.11837, -5.73516, 0.222071, 1.05312, -5.73516, 0.436129, 0.947807, -5.73516, 0.633016, 0.805865, -5.73516, 0.805865, 0.633016, -5.73516, 0.947807, 0.436129, -5.73516, 1.05312, 0.222071, -5.73516, 1.11837, -0.00114489, -5.73516, 1.14012, 3.18568, -4.86206, 0.633016, 2.23673, -5.40223, -0.00114489, 2.19438, -5.40223, 0.436129, -2.19552, -5.40223, 0.436129, -3.18683, -4.86206, 0.633016, -4.05565, -4.13477, 0.805865, -4.7688, -3.24904, 0.947807, -5.29879, -2.23817, 1.05312, -5.62503, -1.14119, 1.11837, -5.73492, -0.000595093, 1.14012, -5.62503, 0.0172, 1.11837, 5.29765, 0.0172, 2.19438, 5.40181, -0.000595093, 2.23673, 5.29765, -1.14119, 2.19438, 4.98972, -2.23817, 2.06617, 4.49064, -3.24904, 1.86013, 3.8187, -4.13477, 1.58197, -0.437274, -5.40223, 2.19438, -0.857377, -5.40223, 2.06617, -1.24314, -5.40223, 1.86013, -1.58311, -5.40223, 1.58197, -1.86127, -5.40223, 1.24199, -2.06846, -5.40223, 0.856231, 2.06617, -5.40223, 0.856231, 1.86013, -5.40223, 1.24199, 1.58197, -5.40223, 1.58197, 1.24199, -5.40223, 1.86013, 0.856231, -5.40223, 2.06617, 0.436129, -5.40223, 2.19438, -0.00114489, -5.40223, 2.23673, 3.00024, -4.86206, 1.24199, -3.00139, -4.86206, 1.24199, -3.81985, -4.13477, 1.58197, -4.49178, -3.24904, 1.86013, -4.99201, -2.23817, 2.06617, -5.29879, -1.14119, 2.19438, -5.40296, -0.000595093, 2.23673, -5.29879, 0.0172, 2.19438, 4.76765, 0.0172, 3.18568, 4.86152, -0.000595093, 3.2475, 4.76765, -1.14119, 3.18568, 4.49064, -2.23817, 3.00024, 4.04192, -3.24904, 2.70033, 3.43752, -4.13477, 2.29626, 2.70033, -4.86206, 1.80404, -0.00114489, -4.86206, 3.2475, -0.634161, -4.86206, 3.18568, -1.24314, -4.86206, 3.00024, -1.80518, -4.86206, 2.70033, -2.2974, -4.86206, 2.29626, -2.70148, -4.86206, 1.80404, 2.29626, -4.86206, 2.29626, 1.80404, -4.86206, 2.70033, 1.24199, -4.86206, 3.00024, 0.633016, -4.86206, 3.18568, -3.43866, -4.13477, 2.29626, -4.04306, -3.24904, 2.70033, -4.49178, -2.23817, 3.00024, -4.7688, -1.14119, 3.18568, -4.86266, -0.000595093, 3.2475, -4.7688, 0.0172, 3.18568, 4.05451, 0.0172, 4.05451, 4.13349, -0.000595093, 4.13349, 4.05451, -1.14119, 4.05451, 3.8187, -2.23817, 3.8187, 3.43752, -3.24904, 3.43752, 2.9224, -4.13477, 2.9224, -0.00114489, -4.13477, 4.13349, -0.80701, -4.13477, 4.05451, -1.58311, -4.13477, 3.8187, -2.2974, -4.13477, 3.43752, -2.92469, -4.13477, 2.9224, 2.29626, -4.13477, 3.43752, 1.58197, -4.13477, 3.8187, 0.805865, -4.13477, 4.05451, -3.43866, -3.24904, 3.43752, -3.81985, -2.23817, 3.8187, -4.05565, -1.14119, 4.05451, -4.13464, -0.000595093, 4.13349, -4.05565, 0.0172, 4.05451, 3.18568, 0.0172, 4.76765, 3.2475, -0.000595093, 4.86152, 3.18568, -1.14119, 4.76765, 3.00024, -2.23817, 4.49064, 2.70033, -3.24904, 4.04192, -0.00114489, -3.24904, 4.86152, -0.948952, -3.24904, 4.76765, -1.86127, -3.24904, 4.49064, -2.70148, -3.24904, 4.04192, 1.86013, -3.24904, 4.49064, 0.947807, -3.24904, 4.76765, -3.00139, -2.23817, 4.49064, -3.18683, -1.14119, 4.76765, -3.24864, -0.000595093, 4.86152, -3.18683, 0.0172, 4.76765, 2.19438, 0.0172, 5.29765, 2.23673, -0.000595093, 5.40181, 2.19438, -1.14119, 5.29765, 2.06617, -2.23817, 4.98972, -0.00114489, -2.23817, 5.40181, -1.05426, -2.23817, 5.29765, 1.05312, -2.23817, 5.29765, -2.06846, -2.23817, 4.98972, -2.19552, -1.14119, 5.29765, -2.23788, -0.000595093, 5.40181, -2.19552, 0.0172, 5.29765, 1.11837, 0.0172, 5.62388, 1.14012, -0.000595093, 5.73377, 1.11837, -1.14119, 5.62388, -0.00114489, -1.14119, 5.73377, -1.11951, -1.14119, 5.62388, -1.14126, -0.000595093, 5.73377, -1.11951, 0.0172, 5.62388, -0.00114489, 0.0172, 5.73377, -0.00114489, -0.000595093, 5.8471)

[sub_resource type="BoxMesh" id="BoxMesh_r84id"]
size = Vector3(8, 1, 8)

[sub_resource type="BoxShape3D" id="BoxShape3D_maklq"]
size = Vector3(8, 1, 8)

[sub_resource type="StandardMaterial3D" id="StandardMaterial3D_87k3a"]
albedo_color = Color(0.571918, 0.39397, 0.289686, 1)

[sub_resource type="StandardMaterial3D" id="StandardMaterial3D_xp6ic"]
albedo_color = Color(0.0797454, 0.441318, 0.0867042, 1)

[node name="Node3D" type="Node3D"]

[node name="Map_Main_2" parent="." instance=ExtResource("2_28fgy")]
transform = Transform3D(10, 0, 0, 0, 10, 0, 0, 0, 10, -5.18129, 78.7013, -75.4672)

[node name="Cylinder001" parent="Map_Main_2" index="0"]
transform = Transform3D(32.365, 0, 0, 0, -1.41472e-06, 10, 0, -32.365, -4.37114e-07, 0, -8.17581, 0)

[node name="StaticBody3D" type="StaticBody3D" parent="Map_Main_2/Cylinder001" index="0"]

[node name="CollisionShape3D" type="CollisionShape3D" parent="Map_Main_2/Cylinder001/StaticBody3D"]
shape = ExtResource("3_62ice")

[node name="MapFloatIsland01" type="MeshInstance3D" parent="."]
transform = Transform3D(1, 0, 0, 0, 1, 0, 0, 0, 1, 15.3378, 12.5446, -4.3229)
mesh = ExtResource("3_gg0vi")

[node name="StaticBody3D" type="StaticBody3D" parent="MapFloatIsland01"]

[node name="CollisionShape3D" type="CollisionShape3D" parent="MapFloatIsland01/StaticBody3D"]
shape = SubResource("ConvexPolygonShape3D_dx1ly")

[node name="MapFloatIsland17" type="MeshInstance3D" parent="."]
transform = Transform3D(0.5, 0, 0, 0, 0.5, 0, 0, 0, 0.5, 15.3378, -4.44426, 50.2039)
mesh = ExtResource("3_gg0vi")

[node name="StaticBody3D" type="StaticBody3D" parent="MapFloatIsland17"]

[node name="CollisionShape3D" type="CollisionShape3D" parent="MapFloatIsland17/StaticBody3D"]
shape = SubResource("ConvexPolygonShape3D_dx1ly")

[node name="MapFloatIsland18" type="MeshInstance3D" parent="."]
transform = Transform3D(0.5, 0, 0, 0, 0.5, 0, 0, 0, 0.5, 9.38387, -3.96663, 53.0045)
mesh = ExtResource("3_gg0vi")

[node name="StaticBody3D" type="StaticBody3D" parent="MapFloatIsland18"]

[node name="CollisionShape3D" type="CollisionShape3D" parent="MapFloatIsland18/StaticBody3D"]
shape = SubResource("ConvexPolygonShape3D_dx1ly")

[node name="MapFloatIsland19" type="MeshInstance3D" parent="."]
transform = Transform3D(0.5, 0, 0, 0, 0.5, 0, 0, 0, 0.5, 4.58629, -3.06929, 49.7551)
mesh = ExtResource("3_gg0vi")

[node name="StaticBody3D" type="StaticBody3D" parent="MapFloatIsland19"]

[node name="CollisionShape3D" type="CollisionShape3D" parent="MapFloatIsland19/StaticBody3D"]
shape = SubResource("ConvexPolygonShape3D_dx1ly")

[node name="MapFloatIsland20" type="MeshInstance3D" parent="."]
transform = Transform3D(0.5, 0, 0, 0, 0.5, 0, 0, 0, 0.5, -1.36765, -2.59167, 52.5556)
mesh = ExtResource("3_gg0vi")

[node name="StaticBody3D" type="StaticBody3D" parent="MapFloatIsland20"]

[node name="CollisionShape3D" type="CollisionShape3D" parent="MapFloatIsland20/StaticBody3D"]
shape = SubResource("ConvexPolygonShape3D_dx1ly")

[node name="MapFloatIsland21" type="MeshInstance3D" parent="."]
transform = Transform3D(0.0132978, 0, -0.499823, 0, 0.5, 0, 0.499823, 0, 0.0132978, -2.06521, -2.26758, 45.9453)
mesh = ExtResource("3_gg0vi")

[node name="StaticBody3D" type="StaticBody3D" parent="MapFloatIsland21"]

[node name="CollisionShape3D" type="CollisionShape3D" parent="MapFloatIsland21/StaticBody3D"]
shape = SubResource("ConvexPolygonShape3D_dx1ly")

[node name="MapFloatIsland22" type="MeshInstance3D" parent="."]
transform = Transform3D(0.0132978, 0, -0.499823, 0, 0.5, 0, 0.499823, 0, 0.0132978, -5.02314, -1.78995, 40.068)
mesh = ExtResource("3_gg0vi")

[node name="StaticBody3D" type="StaticBody3D" parent="MapFloatIsland22"]

[node name="CollisionShape3D" type="CollisionShape3D" parent="MapFloatIsland22/StaticBody3D"]
shape = SubResource("ConvexPolygonShape3D_dx1ly")

[node name="MapFloatIsland23" type="MeshInstance3D" parent="."]
transform = Transform3D(0.0132978, 0, -0.499823, 0, 0.5, 0, 0.499823, 0, 0.0132978, -1.90247, -0.892609, 35.1857)
mesh = ExtResource("3_gg0vi")

[node name="StaticBody3D" type="StaticBody3D" parent="MapFloatIsland23"]

[node name="CollisionShape3D" type="CollisionShape3D" parent="MapFloatIsland23/StaticBody3D"]
shape = SubResource("ConvexPolygonShape3D_dx1ly")

[node name="MapFloatIsland24" type="MeshInstance3D" parent="."]
transform = Transform3D(0.00473847, 0, -0.499978, 0, 0.5, 0, 0.499978, 0, 0.00473847, -4.8604, 0.682538, 31.6436)
mesh = ExtResource("3_gg0vi")

[node name="StaticBody3D" type="StaticBody3D" parent="MapFloatIsland24"]

[node name="CollisionShape3D" type="CollisionShape3D" parent="MapFloatIsland24/StaticBody3D"]
shape = SubResource("ConvexPolygonShape3D_dx1ly")

[node name="MapFloatIsland25" type="MeshInstance3D" parent="."]
transform = Transform3D(0.00473847, 0, -0.499978, 0, 0.5, 0, 0.499978, 0, 0.00473847, -8.44436, 2.65479, 31.6436)
mesh = ExtResource("3_gg0vi")

[node name="StaticBody3D" type="StaticBody3D" parent="MapFloatIsland25"]

[node name="CollisionShape3D" type="CollisionShape3D" parent="MapFloatIsland25/StaticBody3D"]
shape = SubResource("ConvexPolygonShape3D_dx1ly")

[node name="MapFloatIsland26" type="MeshInstance3D" parent="."]
transform = Transform3D(0.00473847, 0, -0.499978, 0, 0.5, 0, 0.499978, 0, 0.00473847, -16.8504, 3.68901, 31.6436)
mesh = ExtResource("3_gg0vi")

[node name="StaticBody3D" type="StaticBody3D" parent="MapFloatIsland26"]

[node name="CollisionShape3D" type="CollisionShape3D" parent="MapFloatIsland26/StaticBody3D"]
shape = SubResource("ConvexPolygonShape3D_dx1ly")

[node name="MapFloatIsland27" type="MeshInstance3D" parent="."]
transform = Transform3D(0.00473847, 0, -0.499978, 0, 0.5, 0, 0.499978, 0, 0.00473847, -16.8504, 5.48784, 25.9375)
mesh = ExtResource("3_gg0vi")

[node name="StaticBody3D" type="StaticBody3D" parent="MapFloatIsland27"]

[node name="CollisionShape3D" type="CollisionShape3D" parent="MapFloatIsland27/StaticBody3D"]
shape = SubResource("ConvexPolygonShape3D_dx1ly")

[node name="MapFloatIsland29" type="MeshInstance3D" parent="."]
transform = Transform3D(0.00473847, 0, -0.499978, 0, 0.5, 0, 0.499978, 0, 0.00473847, -28.236, 9.44661, 23.0799)
mesh = ExtResource("3_gg0vi")

[node name="StaticBody3D" type="StaticBody3D" parent="MapFloatIsland29"]

[node name="CollisionShape3D" type="CollisionShape3D" parent="MapFloatIsland29/StaticBody3D"]
shape = SubResource("ConvexPolygonShape3D_dx1ly")

[node name="MapFloatIsland30" type="MeshInstance3D" parent="."]
transform = Transform3D(0.00473847, 0, -0.499978, 0, 0.5, 0, 0.499978, 0, 0.00473847, -26.0061, 11.3604, 24.8388)
mesh = ExtResource("3_gg0vi")

[node name="StaticBody3D" type="StaticBody3D" parent="MapFloatIsland30"]

[node name="CollisionShape3D" type="CollisionShape3D" parent="MapFloatIsland30/StaticBody3D"]
shape = SubResource("ConvexPolygonShape3D_dx1ly")

[node name="MapFloatIsland31" type="MeshInstance3D" parent="."]
transform = Transform3D(0.00473847, 0, -0.499978, 0, 0.5, 0, 0.499978, 0, 0.00473847, -26.0585, 12.3352, 28.8581)
mesh = ExtResource("3_gg0vi")

[node name="StaticBody3D" type="StaticBody3D" parent="MapFloatIsland31"]

[node name="CollisionShape3D" type="CollisionShape3D" parent="MapFloatIsland31/StaticBody3D"]
shape = SubResource("ConvexPolygonShape3D_dx1ly")

[node name="MapFloatIsland32" type="MeshInstance3D" parent="."]
transform = Transform3D(0.00473847, 0, -0.499978, 0, 0.5, 0, 0.499978, 0, 0.00473847, -39.3645, 12.3352, 28.8581)
mesh = ExtResource("3_gg0vi")

[node name="StaticBody3D" type="StaticBody3D" parent="MapFloatIsland32"]

[node name="CollisionShape3D" type="CollisionShape3D" parent="MapFloatIsland32/StaticBody3D"]
shape = SubResource("ConvexPolygonShape3D_dx1ly")

[node name="MapFloatIsland33" type="MeshInstance3D" parent="."]
transform = Transform3D(0.00473847, 0, -0.499978, 0, 0.5, 0, 0.499978, 0, 0.00473847, -39.3645, 13.4811, 25.6575)
mesh = ExtResource("3_gg0vi")

[node name="StaticBody3D" type="StaticBody3D" parent="MapFloatIsland33"]

[node name="CollisionShape3D" type="CollisionShape3D" parent="MapFloatIsland33/StaticBody3D"]
shape = SubResource("ConvexPolygonShape3D_dx1ly")

[node name="MapFloatIsland28" type="MeshInstance3D" parent="."]
transform = Transform3D(0.00473847, 0, -0.499978, 0.0143789, 0.499793, 0.000136274, 0.499771, -0.0143795, 0.00473651, -32.5255, 7.28364, 25.9375)
mesh = ExtResource("3_gg0vi")

[node name="StaticBody3D" type="StaticBody3D" parent="MapFloatIsland28"]

[node name="CollisionShape3D" type="CollisionShape3D" parent="MapFloatIsland28/StaticBody3D"]
shape = SubResource("ConvexPolygonShape3D_dx1ly")

[node name="AnimatableBody3D" type="AnimatableBody3D" parent="MapFloatIsland28"]
transform = Transform3D(1, 1.86265e-09, 1.86265e-09, -3.72529e-09, 1, 0, 0, 0, 1, -0.0205154, -3.33576, -22.9617)
collision_layer = 2
collision_mask = 40

[node name="MeshInstance3D" type="MeshInstance3D" parent="MapFloatIsland28/AnimatableBody3D"]
mesh = SubResource("BoxMesh_r84id")
skeleton = NodePath("../CollisionShape3D")

[node name="CollisionShape3D" type="CollisionShape3D" parent="MapFloatIsland28/AnimatableBody3D"]
shape = SubResource("BoxShape3D_maklq")

[node name="MapFloatIsland02" type="MeshInstance3D" parent="."]
transform = Transform3D(1, 0, 0, 0, 1, 0, 0, 0, 1, 27.7927, 16.9866, -4.3229)
mesh = ExtResource("3_gg0vi")

[node name="StaticBody3D" type="StaticBody3D" parent="MapFloatIsland02"]

[node name="CollisionShape3D" type="CollisionShape3D" parent="MapFloatIsland02/StaticBody3D"]
shape = SubResource("ConvexPolygonShape3D_dx1ly")

[node name="MapFloatIsland03" type="MeshInstance3D" parent="."]
transform = Transform3D(1, 0, 0, 0, 1, 0, 0, 0, 1, 68.9855, 13.4489, -50.537)
mesh = ExtResource("3_gg0vi")

[node name="StaticBody3D" type="StaticBody3D" parent="MapFloatIsland03"]

[node name="CollisionShape3D" type="CollisionShape3D" parent="MapFloatIsland03/StaticBody3D"]
shape = SubResource("ConvexPolygonShape3D_dx1ly")

[node name="MapFloatIsland04" type="MeshInstance3D" parent="."]
transform = Transform3D(1, 0, 0, 0, 1, 0, 0, 0, 1, 68.9855, 11.7744, -60.8288)
mesh = ExtResource("3_gg0vi")

[node name="StaticBody3D" type="StaticBody3D" parent="MapFloatIsland04"]

[node name="CollisionShape3D" type="CollisionShape3D" parent="MapFloatIsland04/StaticBody3D"]
shape = SubResource("ConvexPolygonShape3D_dx1ly")

[node name="MapFloatIsland05" type="MeshInstance3D" parent="."]
transform = Transform3D(1, 0, 0, 0, 1, 0, 0, 0, 1, 62.0578, 11.7744, -47.258)
mesh = ExtResource("3_gg0vi")

[node name="StaticBody3D" type="StaticBody3D" parent="MapFloatIsland05"]

[node name="CollisionShape3D" type="CollisionShape3D" parent="MapFloatIsland05/StaticBody3D"]
shape = SubResource("ConvexPolygonShape3D_dx1ly")

[node name="MapFloatIsland06" type="MeshInstance3D" parent="."]
transform = Transform3D(1, 0, 0, 0, 1, 0, 0, 0, 1, 62.0578, 10.399, -55.44)
mesh = ExtResource("3_gg0vi")

[node name="StaticBody3D" type="StaticBody3D" parent="MapFloatIsland06"]

[node name="CollisionShape3D" type="CollisionShape3D" parent="MapFloatIsland06/StaticBody3D"]
shape = SubResource("ConvexPolygonShape3D_dx1ly")

[node name="MapFloatIsland07" type="MeshInstance3D" parent="."]
transform = Transform3D(1, 0, 0, 0, 1, 0, 0, 0, 1, 9.21771, 10.399, -13.5)
mesh = ExtResource("3_gg0vi")

[node name="StaticBody3D" type="StaticBody3D" parent="MapFloatIsland07"]

[node name="CollisionShape3D" type="CollisionShape3D" parent="MapFloatIsland07/StaticBody3D"]
shape = SubResource("ConvexPolygonShape3D_dx1ly")

[node name="MapFloatIsland08" type="MeshInstance3D" parent="."]
transform = Transform3D(1, 0, 0, 0, 1, 0, 0, 0, 1, 23.3414, 10.399, -137.352)
mesh = ExtResource("3_gg0vi")

[node name="StaticBody3D" type="StaticBody3D" parent="MapFloatIsland08"]

[node name="CollisionShape3D" type="CollisionShape3D" parent="MapFloatIsland08/StaticBody3D"]
shape = SubResource("ConvexPolygonShape3D_dx1ly")

[node name="MapFloatIsland09" type="MeshInstance3D" parent="."]
transform = Transform3D(1, 0, 0, 0, 1, 0, 0, 0, 1, -34.8392, 10.399, -144.617)
mesh = ExtResource("3_gg0vi")

[node name="StaticBody3D" type="StaticBody3D" parent="MapFloatIsland09"]

[node name="CollisionShape3D" type="CollisionShape3D" parent="MapFloatIsland09/StaticBody3D"]
shape = SubResource("ConvexPolygonShape3D_dx1ly")

[node name="MapFloatIsland10" type="MeshInstance3D" parent="."]
transform = Transform3D(1, 0, 0, 0, 1, 0, 0, 0, 1, -25.4352, 10.399, -120.127)
mesh = ExtResource("3_gg0vi")

[node name="StaticBody3D" type="StaticBody3D" parent="MapFloatIsland10"]

[node name="CollisionShape3D" type="CollisionShape3D" parent="MapFloatIsland10/StaticBody3D"]
shape = SubResource("ConvexPolygonShape3D_dx1ly")

[node name="MapFloatIsland12" type="MeshInstance3D" parent="."]
transform = Transform3D(1, 0, 0, 0, 1, 0, 0, 0, 1, -50.6243, 12.6915, -142.804)
mesh = ExtResource("3_gg0vi")

[node name="StaticBody3D" type="StaticBody3D" parent="MapFloatIsland12"]

[node name="CollisionShape3D" type="CollisionShape3D" parent="MapFloatIsland12/StaticBody3D"]
shape = SubResource("ConvexPolygonShape3D_dx1ly")

[node name="MapFloatIsland13" type="MeshInstance3D" parent="."]
transform = Transform3D(1, 0, 0, 0, 1, 0, 0, 0, 1, -61.5129, 19.8136, -142.804)
mesh = ExtResource("3_gg0vi")

[node name="StaticBody3D" type="StaticBody3D" parent="MapFloatIsland13"]

[node name="CollisionShape3D" type="CollisionShape3D" parent="MapFloatIsland13/StaticBody3D"]
shape = SubResource("ConvexPolygonShape3D_dx1ly")

[node name="MapFloatIsland14" type="MeshInstance3D" parent="."]
transform = Transform3D(2, 0, 0, 0, 2, 0, 0, 0, 2, -74.7437, 22.1169, -142.804)
mesh = ExtResource("3_gg0vi")

[node name="StaticBody3D" type="StaticBody3D" parent="MapFloatIsland14"]

[node name="CollisionShape3D" type="CollisionShape3D" parent="MapFloatIsland14/StaticBody3D"]
shape = SubResource("ConvexPolygonShape3D_dx1ly")

[node name="MapFloatIsland15" type="MeshInstance3D" parent="."]
transform = Transform3D(2, 0, 0, 0, 2, 0, 0, 0, 2, 44.2995, 9.93411, -163.835)
mesh = ExtResource("3_gg0vi")

[node name="StaticBody3D" type="StaticBody3D" parent="MapFloatIsland15"]

[node name="CollisionShape3D" type="CollisionShape3D" parent="MapFloatIsland15/StaticBody3D"]
shape = SubResource("ConvexPolygonShape3D_dx1ly")

[node name="MapFloatIsland16" type="MeshInstance3D" parent="."]
transform = Transform3D(2, 0, 0, 0, 2, 0, 0, 0, 2, 36.1905, 9.93411, 24.3644)
mesh = ExtResource("3_gg0vi")

[node name="StaticBody3D" type="StaticBody3D" parent="MapFloatIsland16"]

[node name="CollisionShape3D" type="CollisionShape3D" parent="MapFloatIsland16/StaticBody3D"]
shape = SubResource("ConvexPolygonShape3D_dx1ly")

[node name="MapFloatIsland11" type="MeshInstance3D" parent="."]
transform = Transform3D(1, 0, 0, 0, 1, 0, 0, 0, 1, -68.1807, 27.4978, -133.867)
mesh = ExtResource("3_gg0vi")

[node name="StaticBody3D" type="StaticBody3D" parent="MapFloatIsland11"]

[node name="CollisionShape3D" type="CollisionShape3D" parent="MapFloatIsland11/StaticBody3D"]
shape = SubResource("ConvexPolygonShape3D_dx1ly")

[node name="Cactus" parent="." instance=ExtResource("4_hwtjs")]
transform = Transform3D(1, 0, 0, 0, 1, 0, 0, 0, 1, -16.379, 9.34323, -122.297)

[node name="Cactus2" parent="." instance=ExtResource("4_hwtjs")]
transform = Transform3D(1, 0, 0, 0, 1, 0, 0, 0, 1, -14.5283, 9.34323, -122.297)

[node name="Cactus3" parent="." instance=ExtResource("4_hwtjs")]
transform = Transform3D(1, 0, 0, 0, 1, 0, 0, 0, 1, -12.7649, 9.34323, -122.297)

[node name="Cactus4" parent="." instance=ExtResource("4_hwtjs")]
transform = Transform3D(1, 0, 0, 0, 1, 0, 0, 0, 1, -10.9142, 9.34323, -122.297)

[node name="Cactus5" parent="." instance=ExtResource("4_hwtjs")]
transform = Transform3D(1, 0, 0, 0, 1, 0, 0, 0, 1, -4.44167, 9.34323, -122.297)

[node name="Cactus6" parent="." instance=ExtResource("4_hwtjs")]
transform = Transform3D(1, 0, 0, 0, 1, 0, 0, 0, 1, -2.59096, 9.34323, -122.297)

[node name="Cactus7" parent="." instance=ExtResource("4_hwtjs")]
transform = Transform3D(1, 0, 0, 0, 1, 0, 0, 0, 1, -0.827629, 9.34323, -122.297)

[node name="Cactus8" parent="." instance=ExtResource("4_hwtjs")]
transform = Transform3D(1, 0, 0, 0, 1, 0, 0, 0, 1, 1.02308, 9.34323, -122.297)

[node name="Cactus9" parent="." instance=ExtResource("4_hwtjs")]
transform = Transform3D(1, 0, 0, 0, 1, 0, 0, 0, 1, -13.6169, 9.34323, -155.468)

[node name="Cactus10" parent="." instance=ExtResource("4_hwtjs")]
transform = Transform3D(1, 0, 0, 0, 1, 0, 0, 0, 1, -11.7662, 9.34323, -155.468)

[node name="Cactus11" parent="." instance=ExtResource("4_hwtjs")]
transform = Transform3D(1, 0, 0, 0, 1, 0, 0, 0, 1, -10.0029, 9.34323, -155.468)

[node name="Cactus12" parent="." instance=ExtResource("4_hwtjs")]
transform = Transform3D(1, 0, 0, 0, 1, 0, 0, 0, 1, -8.15215, 9.34323, -155.468)

[node name="Cactus13" parent="." instance=ExtResource("4_hwtjs")]
transform = Transform3D(1, 0, 0, 0, 1, 0, 0, 0, 1, -1.6796, 9.34323, -155.468)

[node name="Cactus14" parent="." instance=ExtResource("4_hwtjs")]
transform = Transform3D(1, 0, 0, 0, 1, 0, 0, 0, 1, 0.17111, 9.34323, -155.468)

[node name="Cactus15" parent="." instance=ExtResource("4_hwtjs")]
transform = Transform3D(1, 0, 0, 0, 1, 0, 0, 0, 1, 1.93444, 9.34323, -155.468)

[node name="Cactus16" parent="." instance=ExtResource("4_hwtjs")]
transform = Transform3D(1, 0, 0, 0, 1, 0, 0, 0, 1, 3.78515, 9.34323, -155.468)

[node name="Cactus17" parent="." instance=ExtResource("4_hwtjs")]
transform = Transform3D(1, 0, 0, 0, 1, 0, 0, 0, 1, 11.9845, 9.34323, -155.392)

[node name="Cactus18" parent="." instance=ExtResource("4_hwtjs")]
transform = Transform3D(1, 0, 0, 0, 1, 0, 0, 0, 1, 13.8352, 9.34323, -155.392)

[node name="Cactus19" parent="." instance=ExtResource("4_hwtjs")]
transform = Transform3D(1, 0, 0, 0, 1, 0, 0, 0, 1, 15.5986, 9.34323, -155.392)

[node name="Cactus20" parent="." instance=ExtResource("4_hwtjs")]
transform = Transform3D(1, 0, 0, 0, 1, 0, 0, 0, 1, 17.4493, 9.34323, -155.392)

[node name="Cactus21" parent="." instance=ExtResource("4_hwtjs")]
transform = Transform3D(1, 0, 0, 0, 1, 0, 0, 0, 1, -21.2417, 9.34323, -155.392)

[node name="Cactus22" parent="." instance=ExtResource("4_hwtjs")]
transform = Transform3D(1, 0, 0, 0, 1, 0, 0, 0, 1, -19.391, 9.34323, -155.392)

[node name="Cactus23" parent="." instance=ExtResource("4_hwtjs")]
transform = Transform3D(1, 0, 0, 0, 1, 0, 0, 0, 1, -17.6276, 9.34323, -155.392)

[node name="Cactus24" parent="." instance=ExtResource("4_hwtjs")]
transform = Transform3D(1, 0, 0, 0, 1, 0, 0, 0, 1, -15.7769, 9.34323, -155.392)

[node name="Cactus25" parent="." instance=ExtResource("4_hwtjs")]
transform = Transform3D(1, 0, 0, 0, 1, 0, 0, 0, 1, 5.06609, 9.34323, -155.493)

[node name="Cactus26" parent="." instance=ExtResource("4_hwtjs")]
transform = Transform3D(1, 0, 0, 0, 1, 0, 0, 0, 1, 6.9168, 9.34323, -155.493)

[node name="Cactus27" parent="." instance=ExtResource("4_hwtjs")]
transform = Transform3D(1, 0, 0, 0, 1, 0, 0, 0, 1, 8.68013, 9.34323, -155.493)

[node name="Cactus28" parent="." instance=ExtResource("4_hwtjs")]
transform = Transform3D(1, 0, 0, 0, 1, 0, 0, 0, 1, 10.5308, 9.34323, -155.493)

[node name="Cactus29" parent="." instance=ExtResource("4_hwtjs")]
transform = Transform3D(1, 0, 0, 0, 1, 0, 0, 0, 1, -28.3231, 9.34323, -155.54)

[node name="Cactus30" parent="." instance=ExtResource("4_hwtjs")]
transform = Transform3D(1, 0, 0, 0, 1, 0, 0, 0, 1, -26.4724, 9.34323, -155.54)

[node name="Cactus31" parent="." instance=ExtResource("4_hwtjs")]
transform = Transform3D(1, 0, 0, 0, 1, 0, 0, 0, 1, -24.7091, 9.34323, -155.54)

[node name="Cactus32" parent="." instance=ExtResource("4_hwtjs")]
transform = Transform3D(1, 0, 0, 0, 1, 0, 0, 0, 1, -22.8584, 9.34323, -155.54)

[node name="Cactus33" parent="." instance=ExtResource("4_hwtjs")]
transform = Transform3D(-0.0504709, 0, -0.998726, 0, 1, 0, 0.998726, 0, -0.0504709, -29.7353, 9.34323, -160.995)

[node name="Cactus34" parent="." instance=ExtResource("4_hwtjs")]
transform = Transform3D(-0.0504709, 0, -0.998726, 0, 1, 0, 0.998726, 0, -0.0504709, -29.8287, 9.34323, -159.147)

[node name="Cactus35" parent="." instance=ExtResource("4_hwtjs")]
transform = Transform3D(-0.0504709, 0, -0.998726, 0, 1, 0, 0.998726, 0, -0.0504709, -29.9177, 9.34323, -157.386)

[node name="Cactus36" parent="." instance=ExtResource("4_hwtjs")]
transform = Transform3D(-0.0504709, 0, -0.998726, 0, 1, 0, 0.998726, 0, -0.0504709, -30.0111, 9.34323, -155.537)

[node name="Cactus37" parent="." instance=ExtResource("4_hwtjs")]
transform = Transform3D(-0.0504709, 0, -0.998726, 0, 1, 0, 0.998726, 0, -0.0504709, -29.7353, 9.34323, -168.288)

[node name="Cactus38" parent="." instance=ExtResource("4_hwtjs")]
transform = Transform3D(-0.0504709, 0, -0.998726, 0, 1, 0, 0.998726, 0, -0.0504709, -29.8287, 9.34323, -166.44)

[node name="Cactus39" parent="." instance=ExtResource("4_hwtjs")]
transform = Transform3D(-0.0504709, 0, -0.998726, 0, 1, 0, 0.998726, 0, -0.0504709, -29.9177, 9.34323, -164.679)

[node name="Cactus40" parent="." instance=ExtResource("4_hwtjs")]
transform = Transform3D(-0.0504709, 0, -0.998726, 0, 1, 0, 0.998726, 0, -0.0504709, -30.0111, 9.34323, -162.83)

[node name="Cactus41" parent="." instance=ExtResource("4_hwtjs")]
transform = Transform3D(-0.0504709, 0, -0.998726, 0, 1, 0, 0.998726, 0, -0.0504709, -29.7353, 9.34323, -175.765)

[node name="Cactus42" parent="." instance=ExtResource("4_hwtjs")]
transform = Transform3D(-0.0504709, 0, -0.998726, 0, 1, 0, 0.998726, 0, -0.0504709, -29.8287, 9.34323, -173.917)

[node name="Cactus43" parent="." instance=ExtResource("4_hwtjs")]
transform = Transform3D(-0.0504709, 0, -0.998726, 0, 1, 0, 0.998726, 0, -0.0504709, -29.9177, 9.34323, -172.156)

[node name="Cactus44" parent="." instance=ExtResource("4_hwtjs")]
transform = Transform3D(-0.0504709, 0, -0.998726, 0, 1, 0, 0.998726, 0, -0.0504709, -30.0111, 9.34323, -170.308)

[node name="Cactus45" parent="." instance=ExtResource("4_hwtjs")]
transform = Transform3D(-0.0504709, 0, -0.998726, 0, 1, 0, 0.998726, 0, -0.0504709, -28.6905, 9.34323, -183.059)

[node name="Cactus46" parent="." instance=ExtResource("4_hwtjs")]
transform = Transform3D(-0.0504709, 0, -0.998726, 0, 1, 0, 0.998726, 0, -0.0504709, -28.784, 9.34323, -181.21)

[node name="Cactus47" parent="." instance=ExtResource("4_hwtjs")]
transform = Transform3D(-0.0504709, 0, -0.998726, 0, 1, 0, 0.998726, 0, -0.0504709, -28.8729, 9.34323, -179.449)

[node name="Cactus48" parent="." instance=ExtResource("4_hwtjs")]
transform = Transform3D(-0.0504709, 0, -0.998726, 0, 1, 0, 0.998726, 0, -0.0504709, -28.9664, 9.34323, -177.601)

[node name="Cactus49" parent="." instance=ExtResource("4_hwtjs")]
transform = Transform3D(-0.0504709, 0, -0.998726, 0, 1, 0, 0.998726, 0, -0.0504709, -28.6905, 9.34323, -190.727)

[node name="Cactus50" parent="." instance=ExtResource("4_hwtjs")]
transform = Transform3D(-0.0504709, 0, -0.998726, 0, 1, 0, 0.998726, 0, -0.0504709, -28.784, 9.34323, -188.879)

[node name="Cactus51" parent="." instance=ExtResource("4_hwtjs")]
transform = Transform3D(-0.0504709, 0, -0.998726, 0, 1, 0, 0.998726, 0, -0.0504709, -28.8729, 9.34323, -187.117)

[node name="Cactus52" parent="." instance=ExtResource("4_hwtjs")]
transform = Transform3D(-0.0504709, 0, -0.998726, 0, 1, 0, 0.998726, 0, -0.0504709, -28.9664, 9.34323, -185.269)

[node name="BasicIsland" type="CSGSphere3D" parent="Cactus52"]
transform = Transform3D(1, 0, -3.72529e-09, 0, 1, 0, 3.72529e-09, 0, 1, 217.667, -15.3429, -49.5621)
use_collision = true
radius = 14.0
material = SubResource("StandardMaterial3D_87k3a")
metadata/_edit_group_ = true

[node name="CSGCylinder3D" type="CSGCylinder3D" parent="Cactus52/BasicIsland"]
transform = Transform3D(1, 0, 0, 0, 1, 0, 0, 0, 1, 0, 7, 0)
operation = 2
radius = 16.0
height = 14.0
material = SubResource("StandardMaterial3D_xp6ic")

[node name="Cactus53" parent="." instance=ExtResource("4_hwtjs")]
transform = Transform3D(-0.999963, 0, 0.00856946, 0, 1, 0, -0.00856946, 0, -0.999963, -22.4039, 9.35952, -191.469)

[node name="Cactus54" parent="." instance=ExtResource("4_hwtjs")]
transform = Transform3D(-0.999963, 0, 0.00856946, 0, 1, 0, -0.00856946, 0, -0.999963, -24.2545, 9.35952, -191.485)

[node name="Cactus55" parent="." instance=ExtResource("4_hwtjs")]
transform = Transform3D(-0.999963, 0, 0.00856946, 0, 1, 0, -0.00856946, 0, -0.999963, -26.0178, 9.35952, -191.5)

[node name="Cactus56" parent="." instance=ExtResource("4_hwtjs")]
transform = Transform3D(-0.999963, 0, 0.00856946, 0, 1, 0, -0.00856946, 0, -0.999963, -27.8684, 9.35952, -191.516)

[node name="Cactus57" parent="." instance=ExtResource("4_hwtjs")]
transform = Transform3D(-0.0504709, 0, -0.998726, 0, 1, 0, 0.998726, 0, -0.0504709, 20.1036, 9.34323, -160.995)

[node name="Cactus58" parent="." instance=ExtResource("4_hwtjs")]
transform = Transform3D(-0.0504709, 0, -0.998726, 0, 1, 0, 0.998726, 0, -0.0504709, 20.0102, 9.34323, -159.147)

[node name="Cactus59" parent="." instance=ExtResource("4_hwtjs")]
transform = Transform3D(-0.0504709, 0, -0.998726, 0, 1, 0, 0.998726, 0, -0.0504709, 19.9212, 9.34323, -157.386)

[node name="Cactus60" parent="." instance=ExtResource("4_hwtjs")]
transform = Transform3D(-0.0504709, 0, -0.998726, 0, 1, 0, 0.998726, 0, -0.0504709, 19.8278, 9.34323, -155.537)

[node name="Cactus61" parent="." instance=ExtResource("4_hwtjs")]
transform = Transform3D(-0.0504709, 0, -0.998726, 0, 1, 0, 0.998726, 0, -0.0504709, 20.1036, 9.34323, -168.288)

[node name="Cactus62" parent="." instance=ExtResource("4_hwtjs")]
transform = Transform3D(-0.0504709, 0, -0.998726, 0, 1, 0, 0.998726, 0, -0.0504709, 20.0102, 9.34323, -166.44)

[node name="Cactus63" parent="." instance=ExtResource("4_hwtjs")]
transform = Transform3D(-0.0504709, 0, -0.998726, 0, 1, 0, 0.998726, 0, -0.0504709, 19.9212, 9.34323, -164.679)

[node name="Cactus64" parent="." instance=ExtResource("4_hwtjs")]
transform = Transform3D(-0.0504709, 0, -0.998726, 0, 1, 0, 0.998726, 0, -0.0504709, 19.8278, 9.34323, -162.83)

[node name="Cactus65" parent="." instance=ExtResource("4_hwtjs")]
transform = Transform3D(-0.0504709, 0, -0.998726, 0, 1, 0, 0.998726, 0, -0.0504709, 20.1036, 9.34323, -175.765)

[node name="Cactus66" parent="." instance=ExtResource("4_hwtjs")]
transform = Transform3D(-0.0504709, 0, -0.998726, 0, 1, 0, 0.998726, 0, -0.0504709, 20.0102, 9.34323, -173.917)

[node name="Cactus67" parent="." instance=ExtResource("4_hwtjs")]
transform = Transform3D(-0.0504709, 0, -0.998726, 0, 1, 0, 0.998726, 0, -0.0504709, 19.9212, 9.34323, -172.156)

[node name="Cactus68" parent="." instance=ExtResource("4_hwtjs")]
transform = Transform3D(-0.0504709, 0, -0.998726, 0, 1, 0, 0.998726, 0, -0.0504709, 19.8278, 9.34323, -170.308)

[node name="Cactus69" parent="." instance=ExtResource("4_hwtjs")]
transform = Transform3D(-0.0504709, 0, -0.998726, 0, 1, 0, 0.998726, 0, -0.0504709, 20.1036, 9.34323, -183.059)

[node name="Cactus70" parent="." instance=ExtResource("4_hwtjs")]
transform = Transform3D(-0.0504709, 0, -0.998726, 0, 1, 0, 0.998726, 0, -0.0504709, 20.0102, 9.34323, -181.21)

[node name="Cactus71" parent="." instance=ExtResource("4_hwtjs")]
transform = Transform3D(-0.0504709, 0, -0.998726, 0, 1, 0, 0.998726, 0, -0.0504709, 19.9212, 9.34323, -179.449)

[node name="Cactus72" parent="." instance=ExtResource("4_hwtjs")]
transform = Transform3D(-0.0504709, 0, -0.998726, 0, 1, 0, 0.998726, 0, -0.0504709, 19.8278, 9.34323, -177.601)

[node name="Cactus73" parent="." instance=ExtResource("4_hwtjs")]
transform = Transform3D(-0.0504709, 0, -0.998726, 0, 1, 0, 0.998726, 0, -0.0504709, 20.1036, 9.34323, -190.727)

[node name="Cactus74" parent="." instance=ExtResource("4_hwtjs")]
transform = Transform3D(-0.0504709, 0, -0.998726, 0, 1, 0, 0.998726, 0, -0.0504709, 20.0102, 9.34323, -188.879)

[node name="Cactus75" parent="." instance=ExtResource("4_hwtjs")]
transform = Transform3D(-0.0504709, 0, -0.998726, 0, 1, 0, 0.998726, 0, -0.0504709, 19.9212, 9.34323, -187.117)

[node name="Cactus76" parent="." instance=ExtResource("4_hwtjs")]
transform = Transform3D(-0.0504709, 0, -0.998726, 0, 1, 0, 0.998726, 0, -0.0504709, 19.8278, 9.34323, -185.269)

[node name="Cactus77" parent="." instance=ExtResource("4_hwtjs")]
transform = Transform3D(-0.0504709, 0, -0.998726, 0, 1, 0, 0.998726, 0, -0.0504709, 13.3416, 8.28186, -191.501)

[node name="Cactus78" parent="." instance=ExtResource("4_hwtjs")]
transform = Transform3D(-0.0504709, 0, -0.998726, 0, 1, 0, 0.998726, 0, -0.0504709, 14.8499, 9.34323, -191.404)

[node name="Cactus79" parent="." instance=ExtResource("4_hwtjs")]
transform = Transform3D(-0.0504709, 0, -0.998726, 0, 1, 0, 0.998726, 0, -0.0504709, 18.0717, 9.34323, -191.589)

[node name="Cactus80" parent="." instance=ExtResource("4_hwtjs")]
transform = Transform3D(-0.0504709, 0, -0.998726, 0, 1, 0, 0.998726, 0, -0.0504709, 16.4969, 9.34323, -191.505)

[node name="Node3D" parent="." instance=ExtResource("5_6m3iq")]
transform = Transform3D(1, 0, 0, 0, 1, 0, 0, 0, 1, 4, 9, -130)

[node name="Node3D2" parent="." instance=ExtResource("5_6m3iq")]
transform = Transform3D(1, 0, 0, 0, 1, 0, 0, 0, 1, 16, 9, -149)

[node name="Node3D3" parent="." instance=ExtResource("5_6m3iq")]
transform = Transform3D(1, 0, 0, 0, 1, 0, 0, 0, 1, -30, 9, -135)

[node name="Node3D4" parent="." instance=ExtResource("5_6m3iq")]
transform = Transform3D(1, 0, 0, 0, 1, 0, 0, 0, 1, -57, 9, -64)

[node name="Node3D5" parent="." instance=ExtResource("5_6m3iq")]
transform = Transform3D(1, 0, 0, 0, 1, 0, 0, 0, 1, 60, 9, -34)

[node name="Node3D6" parent="." instance=ExtResource("5_6m3iq")]
transform = Transform3D(1, 0, 0, 0, 1, 0, 0, 0, 1, 72, 9, -69)

[node name="Node3D7" parent="." instance=ExtResource("5_6m3iq")]
transform = Transform3D(1, 0, 0, 0, 1, 0, 0, 0, 1, 36, 9, -141)

[node name="Node3D8" parent="." instance=ExtResource("5_6m3iq")]
transform = Transform3D(1, 0, 0, 0, 1, 0, 0, 0, 1, 47, 9, -131)

[node name="Node3D9" parent="." instance=ExtResource("5_6m3iq")]
transform = Transform3D(1, 0, 0, 0, 1, 0, 0, 0, 1, 37, 9, -134)

[node name="Node3D10" parent="." instance=ExtResource("5_6m3iq")]
transform = Transform3D(1, 0, 0, 0, 1, 0, 0, 0, 1, -65, 10, -134)

[node name="Node3D11" parent="." instance=ExtResource("5_6m3iq")]
transform = Transform3D(1, 0, 0, 0, 1, 0, 0, 0, 1, -70, 9, -126)

[node name="Node3D12" parent="." instance=ExtResource("5_6m3iq")]
transform = Transform3D(1, 0, 0, 0, 1, 0, 0, 0, 1, -73, 9, -119)

[node name="Node3D13" parent="." instance=ExtResource("5_6m3iq")]
transform = Transform3D(1, 0, 0, 0, 1, 0, 0, 0, 1, -75, 9, -109)

[node name="AnimatableBody3D" type="AnimatableBody3D" parent="."]
