[gd_scene load_steps=19 format=3 uid="uid://dldd3obkxo5mx"]

[ext_resource type="Shape3D" uid="uid://bsfpaolcoljuf" path="res://Alex Test Junk/Map playground/big_craters_collision.res" id="2_8wcvj"]
[ext_resource type="PackedScene" uid="uid://dl4hxqrbpe0dd" path="res://Environment/Map Files/Map_Main_2.FBX" id="2_28fgy"]
[ext_resource type="Texture2D" uid="uid://dlsvwr0hj6c0h" path="res://Alex Test Junk/Map Texture/UV Map.png" id="2_76pkd"]
[ext_resource type="PackedScene" uid="uid://kqb5apvck6bb" path="res://Environment/Cactus_TallArms_Cluster.tscn" id="2_jfmb3"]
[ext_resource type="ArrayMesh" uid="uid://ccs4r5etfg05h" path="res://Environment/Map Files/Map_FloatIsland01.obj" id="3_gg0vi"]
[ext_resource type="PackedScene" uid="uid://dt1jvf850kdle" path="res://Environment/cactus.tscn" id="4_hwtjs"]
[ext_resource type="PackedScene" path="res://Environment/Cactus_cluster.tscn" id="5_6m3iq"]
[ext_resource type="PackedScene" uid="uid://cp1273y2tkxuy" path="res://Environment/Cactus_BigChungus_Cluster.tscn" id="5_s8in8"]
[ext_resource type="PackedScene" uid="uid://uxv0qovjaeat" path="res://Environment/Cactus_TallArms.tscn" id="6_nfy6x"]
[ext_resource type="PackedScene" uid="uid://crjbyid8mhpo2" path="res://Environment/Cactus_Single.tscn" id="7_dtur1"]
[ext_resource type="Shape3D" uid="uid://cs3rlfvcpwl8h" path="res://Alex Test Junk/pink_platform_collision.res" id="7_hmgw5"]
[ext_resource type="PackedScene" uid="uid://qitdvbwsg26m" path="res://Environment/Cactus_SIngle_Cluster.tscn" id="9_wqgu7"]
[ext_resource type="PackedScene" uid="uid://ca5myhyvxhckh" path="res://Alex Test Junk/floating_platform.tscn" id="11_lc8ds"]

[sub_resource type="StandardMaterial3D" id="StandardMaterial3D_yj5du"]
albedo_texture = ExtResource("2_76pkd")

[sub_resource type="StandardMaterial3D" id="StandardMaterial3D_87k3a"]
albedo_color = Color(0.571918, 0.39397, 0.289686, 1)

[sub_resource type="StandardMaterial3D" id="StandardMaterial3D_xp6ic"]
albedo_color = Color(0.0797454, 0.441318, 0.0867042, 1)

[sub_resource type="BoxShape3D" id="BoxShape3D_maklq"]
size = Vector3(8, 1, 8)

[sub_resource type="BoxMesh" id="BoxMesh_r84id"]
size = Vector3(8, 1, 8)

[node name="Node3D" type="Node3D"]

[node name="Map_Main_2" parent="." instance=ExtResource("2_28fgy")]
transform = Transform3D(10, 0, 0, 0, 10, 0, 0, 0, 10, -5.18129, 78.7013, -75.4672)

[node name="Cylinder001" parent="Map_Main_2" index="0"]
transform = Transform3D(32.365, 0, 0, 0, -1.41472e-06, 10, 0, -32.365, -4.37114e-07, 0, -8.17581, 0)
material_override = SubResource("StandardMaterial3D_yj5du")

[node name="StaticBody3D" type="StaticBody3D" parent="Map_Main_2/Cylinder001" index="0"]

[node name="CollisionShape3D" type="CollisionShape3D" parent="Map_Main_2/Cylinder001/StaticBody3D"]
shape = ExtResource("2_8wcvj")

[node name="Node3D" parent="Map_Main_2" instance=ExtResource("2_jfmb3")]
transform = Transform3D(0.1, 0, 0, 0, 0.1, 0, 0, 0, 0.1, -7.93003, -6.93582, -0.0270586)

[node name="Node3D2" parent="Map_Main_2" instance=ExtResource("2_jfmb3")]
transform = Transform3D(0.1, 0, 0, 0, 0.1, 0, 0, 0, 0.1, -6.92271, -6.9358, 3.73362)

[node name="Node3D3" parent="Map_Main_2" instance=ExtResource("2_jfmb3")]
transform = Transform3D(0.1, 0, 0, 0, 0.1, 0, 0, 0, 0.1, -3.23542, -6.9358, 5.16926)

[node name="Node3D4" parent="Map_Main_2" instance=ExtResource("2_jfmb3")]
transform = Transform3D(0.0651423, 0, -0.0758715, 0, 0.1, 0, 0.0758715, 0, 0.0651423, -6.03914, -6.9358, 4.74954)

[node name="Node3D5" parent="Map_Main_2" instance=ExtResource("9_wqgu7")]
transform = Transform3D(0.1, 0, 0, 0, 0.1, 0, 0, 0, 0.1, 6.41933, -6.9358, 4.7716)

[node name="Node3D6" parent="Map_Main_2" instance=ExtResource("9_wqgu7")]
transform = Transform3D(0.1, 0, 0, 0, 0.1, 0, 0, 0, 0.1, 8.29073, -6.85581, -1.73614)

[node name="Node3D7" parent="Map_Main_2" instance=ExtResource("9_wqgu7")]
transform = Transform3D(0.1, 0, 0, 0, 0.1, 0, 0, 0, 0.1, 8.44943, -6.85583, -1.03787)

[node name="Node3D8" parent="Map_Main_2" instance=ExtResource("9_wqgu7")]
transform = Transform3D(0.1, 0, 0, 0, 0.1, 0, 0, 0, 0.1, 8.51291, -6.85583, -0.392509)

[node name="MapFloatIsland01" type="MeshInstance3D" parent="."]
transform = Transform3D(1, 0, 0, 0, 1, 0, 0, 0, 1, 15.3378, 12.5446, -4.3229)
mesh = ExtResource("3_gg0vi")

[node name="StaticBody3D" type="StaticBody3D" parent="MapFloatIsland01"]

[node name="CollisionShape3D" type="CollisionShape3D" parent="MapFloatIsland01/StaticBody3D"]
shape = ExtResource("7_hmgw5")

[node name="MapFloatIsland17" type="MeshInstance3D" parent="."]
transform = Transform3D(0.5, 0, 0, 0, 0.5, 0, 0, 0, 0.5, 15.3378, -4.44426, 50.2039)
visible = false
mesh = ExtResource("3_gg0vi")

[node name="StaticBody3D" type="StaticBody3D" parent="MapFloatIsland17"]

[node name="CollisionShape3D" type="CollisionShape3D" parent="MapFloatIsland17/StaticBody3D"]
shape = ExtResource("7_hmgw5")

[node name="MapFloatIsland18" type="MeshInstance3D" parent="."]
transform = Transform3D(0.5, 0, 0, 0, 0.5, 0, 0, 0, 0.5, 9.38387, -3.96663, 53.0045)
mesh = ExtResource("3_gg0vi")

[node name="StaticBody3D" type="StaticBody3D" parent="MapFloatIsland18"]

[node name="CollisionShape3D" type="CollisionShape3D" parent="MapFloatIsland18/StaticBody3D"]
shape = ExtResource("7_hmgw5")

[node name="MapFloatIsland19" type="MeshInstance3D" parent="."]
transform = Transform3D(0.5, 0, 0, 0, 0.5, 0, 0, 0, 0.5, 4.58629, -3.06929, 49.7551)
mesh = ExtResource("3_gg0vi")

[node name="StaticBody3D" type="StaticBody3D" parent="MapFloatIsland19"]

[node name="CollisionShape3D" type="CollisionShape3D" parent="MapFloatIsland19/StaticBody3D"]
shape = ExtResource("7_hmgw5")

[node name="MapFloatIsland20" type="MeshInstance3D" parent="."]
transform = Transform3D(0.5, 0, 0, 0, 0.5, 0, 0, 0, 0.5, -1.36765, -2.59167, 52.5556)
mesh = ExtResource("3_gg0vi")

[node name="StaticBody3D" type="StaticBody3D" parent="MapFloatIsland20"]

[node name="CollisionShape3D" type="CollisionShape3D" parent="MapFloatIsland20/StaticBody3D"]
shape = ExtResource("7_hmgw5")

[node name="MapFloatIsland21" type="MeshInstance3D" parent="."]
transform = Transform3D(0.0132978, 0, -0.499823, 0, 0.5, 0, 0.499823, 0, 0.0132978, -2.06521, -2.26758, 45.9453)
mesh = ExtResource("3_gg0vi")

[node name="StaticBody3D" type="StaticBody3D" parent="MapFloatIsland21"]

[node name="CollisionShape3D" type="CollisionShape3D" parent="MapFloatIsland21/StaticBody3D"]
shape = ExtResource("7_hmgw5")

[node name="MapFloatIsland22" type="MeshInstance3D" parent="."]
transform = Transform3D(0.0132978, 0, -0.499823, 0, 0.5, 0, 0.499823, 0, 0.0132978, -5.02314, -1.78995, 40.068)
mesh = ExtResource("3_gg0vi")

[node name="StaticBody3D" type="StaticBody3D" parent="MapFloatIsland22"]

[node name="CollisionShape3D" type="CollisionShape3D" parent="MapFloatIsland22/StaticBody3D"]
shape = ExtResource("7_hmgw5")

[node name="MapFloatIsland23" type="MeshInstance3D" parent="."]
transform = Transform3D(0.0132978, 0, -0.499823, 0, 0.5, 0, 0.499823, 0, 0.0132978, -1.90247, -0.892609, 35.1857)
mesh = ExtResource("3_gg0vi")

[node name="StaticBody3D" type="StaticBody3D" parent="MapFloatIsland23"]

[node name="CollisionShape3D" type="CollisionShape3D" parent="MapFloatIsland23/StaticBody3D"]
shape = ExtResource("7_hmgw5")

[node name="MapFloatIsland24" type="MeshInstance3D" parent="."]
transform = Transform3D(0.00473847, 0, -0.499978, 0, 0.5, 0, 0.499978, 0, 0.00473847, -4.8604, 0.682538, 31.6436)
mesh = ExtResource("3_gg0vi")

[node name="StaticBody3D" type="StaticBody3D" parent="MapFloatIsland24"]

[node name="CollisionShape3D" type="CollisionShape3D" parent="MapFloatIsland24/StaticBody3D"]
shape = ExtResource("7_hmgw5")

[node name="MapFloatIsland25" type="MeshInstance3D" parent="."]
transform = Transform3D(0.00473847, 0, -0.499978, 0, 0.5, 0, 0.499978, 0, 0.00473847, -8.44436, 2.65479, 31.6436)
mesh = ExtResource("3_gg0vi")

[node name="StaticBody3D" type="StaticBody3D" parent="MapFloatIsland25"]

[node name="CollisionShape3D" type="CollisionShape3D" parent="MapFloatIsland25/StaticBody3D"]
shape = ExtResource("7_hmgw5")

[node name="MapFloatIsland26" type="MeshInstance3D" parent="."]
transform = Transform3D(0.00473847, 0, -0.499978, 0, 0.5, 0, 0.499978, 0, 0.00473847, -16.8504, 3.68901, 31.6436)
mesh = ExtResource("3_gg0vi")

[node name="StaticBody3D" type="StaticBody3D" parent="MapFloatIsland26"]

[node name="CollisionShape3D" type="CollisionShape3D" parent="MapFloatIsland26/StaticBody3D"]
shape = ExtResource("7_hmgw5")

[node name="MapFloatIsland27" type="MeshInstance3D" parent="."]
transform = Transform3D(0.00473847, 0, -0.499978, 0, 0.5, 0, 0.499978, 0, 0.00473847, -16.8504, 5.48784, 25.9375)
mesh = ExtResource("3_gg0vi")

[node name="StaticBody3D" type="StaticBody3D" parent="MapFloatIsland27"]

[node name="CollisionShape3D" type="CollisionShape3D" parent="MapFloatIsland27/StaticBody3D"]
shape = ExtResource("7_hmgw5")

[node name="MapFloatIsland29" type="MeshInstance3D" parent="."]
transform = Transform3D(0.00473847, 0, -0.499978, 0, 0.5, 0, 0.499978, 0, 0.00473847, -28.236, 9.44661, 23.0799)
mesh = ExtResource("3_gg0vi")

[node name="StaticBody3D" type="StaticBody3D" parent="MapFloatIsland29"]

[node name="CollisionShape3D" type="CollisionShape3D" parent="MapFloatIsland29/StaticBody3D"]
shape = ExtResource("7_hmgw5")

[node name="MapFloatIsland30" type="MeshInstance3D" parent="."]
transform = Transform3D(0.00473847, 0, -0.499978, 0, 0.5, 0, 0.499978, 0, 0.00473847, -26.0061, 11.3604, 24.8388)
mesh = ExtResource("3_gg0vi")

[node name="StaticBody3D" type="StaticBody3D" parent="MapFloatIsland30"]

[node name="CollisionShape3D" type="CollisionShape3D" parent="MapFloatIsland30/StaticBody3D"]
shape = ExtResource("7_hmgw5")

[node name="MapFloatIsland31" type="MeshInstance3D" parent="."]
transform = Transform3D(0.00473847, 0, -0.499978, 0, 0.5, 0, 0.499978, 0, 0.00473847, -26.0585, 12.3352, 28.8581)
mesh = ExtResource("3_gg0vi")

[node name="StaticBody3D" type="StaticBody3D" parent="MapFloatIsland31"]

[node name="CollisionShape3D" type="CollisionShape3D" parent="MapFloatIsland31/StaticBody3D"]
shape = ExtResource("7_hmgw5")

[node name="MapFloatIsland32" type="MeshInstance3D" parent="."]
transform = Transform3D(0.00473847, 0, -0.499978, 0, 0.5, 0, 0.499978, 0, 0.00473847, -39.3645, 12.3352, 28.8581)
mesh = ExtResource("3_gg0vi")

[node name="StaticBody3D" type="StaticBody3D" parent="MapFloatIsland32"]

[node name="CollisionShape3D" type="CollisionShape3D" parent="MapFloatIsland32/StaticBody3D"]
shape = ExtResource("7_hmgw5")

[node name="MapFloatIsland33" type="MeshInstance3D" parent="."]
transform = Transform3D(0.00473847, 0, -0.499978, 0, 0.5, 0, 0.499978, 0, 0.00473847, -39.3645, 13.4811, 25.6575)
mesh = ExtResource("3_gg0vi")

[node name="StaticBody3D" type="StaticBody3D" parent="MapFloatIsland33"]

[node name="CollisionShape3D" type="CollisionShape3D" parent="MapFloatIsland33/StaticBody3D"]
shape = ExtResource("7_hmgw5")

[node name="MapFloatIsland28" type="MeshInstance3D" parent="."]
transform = Transform3D(0.00473847, 0, -0.499978, 0.0143789, 0.499793, 0.000136274, 0.499771, -0.0143795, 0.00473651, -32.5255, 7.28364, 25.9375)
mesh = ExtResource("3_gg0vi")

[node name="StaticBody3D" type="StaticBody3D" parent="MapFloatIsland28"]

[node name="CollisionShape3D" type="CollisionShape3D" parent="MapFloatIsland28/StaticBody3D"]
shape = ExtResource("7_hmgw5")

[node name="MapFloatIsland02" type="MeshInstance3D" parent="."]
transform = Transform3D(1, 0, 0, 0, 1, 0, 0, 0, 1, 27.7927, 16.9866, -4.3229)
mesh = ExtResource("3_gg0vi")

[node name="StaticBody3D" type="StaticBody3D" parent="MapFloatIsland02"]

[node name="CollisionShape3D" type="CollisionShape3D" parent="MapFloatIsland02/StaticBody3D"]
shape = ExtResource("7_hmgw5")

[node name="MapFloatIsland03" type="MeshInstance3D" parent="."]
transform = Transform3D(1, 0, 0, 0, 1, 0, 0, 0, 1, 68.9855, 13.4489, -50.537)
mesh = ExtResource("3_gg0vi")

[node name="StaticBody3D" type="StaticBody3D" parent="MapFloatIsland03"]

[node name="CollisionShape3D" type="CollisionShape3D" parent="MapFloatIsland03/StaticBody3D"]
shape = ExtResource("7_hmgw5")

[node name="MapFloatIsland04" type="MeshInstance3D" parent="."]
transform = Transform3D(1, 0, 0, 0, 1, 0, 0, 0, 1, 68.9855, 11.7744, -60.8288)
mesh = ExtResource("3_gg0vi")

[node name="StaticBody3D" type="StaticBody3D" parent="MapFloatIsland04"]

[node name="CollisionShape3D" type="CollisionShape3D" parent="MapFloatIsland04/StaticBody3D"]
shape = ExtResource("7_hmgw5")

[node name="MapFloatIsland05" type="MeshInstance3D" parent="."]
transform = Transform3D(1, 0, 0, 0, 1, 0, 0, 0, 1, 62.0578, 11.7744, -47.258)
mesh = ExtResource("3_gg0vi")

[node name="StaticBody3D" type="StaticBody3D" parent="MapFloatIsland05"]

[node name="CollisionShape3D" type="CollisionShape3D" parent="MapFloatIsland05/StaticBody3D"]
shape = ExtResource("7_hmgw5")

[node name="MapFloatIsland06" type="MeshInstance3D" parent="."]
transform = Transform3D(1, 0, 0, 0, 1, 0, 0, 0, 1, 62.0578, 10.399, -55.44)
mesh = ExtResource("3_gg0vi")

[node name="StaticBody3D" type="StaticBody3D" parent="MapFloatIsland06"]

[node name="CollisionShape3D" type="CollisionShape3D" parent="MapFloatIsland06/StaticBody3D"]
shape = ExtResource("7_hmgw5")

[node name="MapFloatIsland07" type="MeshInstance3D" parent="."]
transform = Transform3D(1, 0, 0, 0, 1, 0, 0, 0, 1, 9.21771, 10.399, -13.5)
mesh = ExtResource("3_gg0vi")

[node name="StaticBody3D" type="StaticBody3D" parent="MapFloatIsland07"]

[node name="CollisionShape3D" type="CollisionShape3D" parent="MapFloatIsland07/StaticBody3D"]
shape = ExtResource("7_hmgw5")

[node name="MapFloatIsland08" type="MeshInstance3D" parent="."]
transform = Transform3D(1, 0, 0, 0, 1, 0, 0, 0, 1, 23.3414, 10.399, -137.352)
mesh = ExtResource("3_gg0vi")

[node name="StaticBody3D" type="StaticBody3D" parent="MapFloatIsland08"]

[node name="CollisionShape3D" type="CollisionShape3D" parent="MapFloatIsland08/StaticBody3D"]
shape = ExtResource("7_hmgw5")

[node name="MapFloatIsland09" type="MeshInstance3D" parent="."]
transform = Transform3D(1, 0, 0, 0, 1, 0, 0, 0, 1, -34.8392, 10.399, -144.617)
mesh = ExtResource("3_gg0vi")

[node name="StaticBody3D" type="StaticBody3D" parent="MapFloatIsland09"]

[node name="CollisionShape3D" type="CollisionShape3D" parent="MapFloatIsland09/StaticBody3D"]
shape = ExtResource("7_hmgw5")

[node name="MapFloatIsland10" type="MeshInstance3D" parent="."]
transform = Transform3D(1, 0, 0, 0, 1, 0, 0, 0, 1, -25.4352, 10.399, -120.127)
mesh = ExtResource("3_gg0vi")

[node name="StaticBody3D" type="StaticBody3D" parent="MapFloatIsland10"]

[node name="CollisionShape3D" type="CollisionShape3D" parent="MapFloatIsland10/StaticBody3D"]
shape = ExtResource("7_hmgw5")

[node name="MapFloatIsland12" type="MeshInstance3D" parent="."]
transform = Transform3D(1, 0, 0, 0, 1, 0, 0, 0, 1, -50.6243, 12.6915, -142.804)
mesh = ExtResource("3_gg0vi")

[node name="StaticBody3D" type="StaticBody3D" parent="MapFloatIsland12"]

[node name="CollisionShape3D" type="CollisionShape3D" parent="MapFloatIsland12/StaticBody3D"]
shape = ExtResource("7_hmgw5")

[node name="MapFloatIsland13" type="MeshInstance3D" parent="."]
transform = Transform3D(1, 0, 0, 0, 1, 0, 0, 0, 1, -61.5129, 19.8136, -142.804)
mesh = ExtResource("3_gg0vi")

[node name="StaticBody3D" type="StaticBody3D" parent="MapFloatIsland13"]

[node name="CollisionShape3D" type="CollisionShape3D" parent="MapFloatIsland13/StaticBody3D"]
shape = ExtResource("7_hmgw5")

[node name="MapFloatIsland14" type="MeshInstance3D" parent="."]
transform = Transform3D(2, 0, 0, 0, 2, 0, 0, 0, 2, -74.7437, 22.1169, -142.804)
mesh = ExtResource("3_gg0vi")

[node name="StaticBody3D" type="StaticBody3D" parent="MapFloatIsland14"]

[node name="CollisionShape3D" type="CollisionShape3D" parent="MapFloatIsland14/StaticBody3D"]
shape = ExtResource("7_hmgw5")

[node name="MapFloatIsland15" type="MeshInstance3D" parent="."]
transform = Transform3D(2, 0, 0, 0, 2, 0, 0, 0, 2, 44.2995, 9.93411, -163.835)
mesh = ExtResource("3_gg0vi")

[node name="StaticBody3D" type="StaticBody3D" parent="MapFloatIsland15"]

[node name="CollisionShape3D" type="CollisionShape3D" parent="MapFloatIsland15/StaticBody3D"]
shape = ExtResource("7_hmgw5")

[node name="MapFloatIsland16" type="MeshInstance3D" parent="."]
transform = Transform3D(2, 0, 0, 0, 2, 0, 0, 0, 2, 36.1905, 9.93411, 24.3644)
mesh = ExtResource("3_gg0vi")

[node name="StaticBody3D" type="StaticBody3D" parent="MapFloatIsland16"]

[node name="CollisionShape3D" type="CollisionShape3D" parent="MapFloatIsland16/StaticBody3D"]
shape = ExtResource("7_hmgw5")

[node name="MapFloatIsland11" type="MeshInstance3D" parent="."]
transform = Transform3D(1, 0, 0, 0, 1, 0, 0, 0, 1, -68.1807, 27.4978, -133.867)
mesh = ExtResource("3_gg0vi")

[node name="StaticBody3D" type="StaticBody3D" parent="MapFloatIsland11"]

[node name="CollisionShape3D" type="CollisionShape3D" parent="MapFloatIsland11/StaticBody3D"]
shape = ExtResource("7_hmgw5")

[node name="Cactus" parent="." instance=ExtResource("4_hwtjs")]
transform = Transform3D(1, 0, 0, 0, 1, 0, 0, 0, 1, -16.379, 9.24538, -125.796)

[node name="Cactus2" parent="." instance=ExtResource("4_hwtjs")]
transform = Transform3D(1, 0, 0, 0, 1, 0, 0, 0, 1, -6.89787, 9.24538, -125.796)

[node name="Cactus3" parent="." instance=ExtResource("4_hwtjs")]
transform = Transform3D(1, 0, 0, 0, 1, 0, 0, 0, 1, -20.5707, 9.24538, -130.357)

[node name="Cactus4" parent="." instance=ExtResource("4_hwtjs")]
transform = Transform3D(1, 0, 0, 0, 1, 0, 0, 0, 1, -10.9142, 9.24538, -132.111)

[node name="Cactus5" parent="." instance=ExtResource("4_hwtjs")]
transform = Transform3D(1, 0, 0, 0, 1, 0, 0, 0, 1, 16.5201, 9.24538, -125.796)

[node name="Cactus6" parent="." instance=ExtResource("4_hwtjs")]
transform = Transform3D(1, 0, 0, 0, 1, 0, 0, 0, 1, -2.59096, 9.24538, -132.023)

[node name="Cactus7" parent="." instance=ExtResource("4_hwtjs")]
transform = Transform3D(1, 0, 0, 0, 1, 0, 0, 0, 1, 10.7496, 9.24538, -123.516)

[node name="Cactus8" parent="." instance=ExtResource("4_hwtjs")]
transform = Transform3D(1, 0, 0, 0, 1, 0, 0, 0, 1, 12.7757, 9.24538, -134.128)

[node name="Cactus9" parent="." instance=ExtResource("4_hwtjs")]
transform = Transform3D(1, 0, 0, 0, 1, 0, 0, 0, 1, -13.6169, 9.34323, -155.468)

[node name="Cactus10" parent="." instance=ExtResource("4_hwtjs")]
transform = Transform3D(1, 0, 0, 0, 1, 0, 0, 0, 1, -11.7662, 9.34323, -155.468)

[node name="Cactus11" parent="." instance=ExtResource("4_hwtjs")]
transform = Transform3D(1, 0, 0, 0, 1, 0, 0, 0, 1, -10.0029, 9.34323, -155.468)

[node name="Cactus12" parent="." instance=ExtResource("4_hwtjs")]
transform = Transform3D(1, 0, 0, 0, 1, 0, 0, 0, 1, -8.15215, 9.34323, -155.468)

[node name="Cactus13" parent="." instance=ExtResource("4_hwtjs")]
transform = Transform3D(1, 0, 0, 0, 1, 0, 0, 0, 1, -1.6796, 9.34323, -155.468)

[node name="Cactus14" parent="." instance=ExtResource("4_hwtjs")]
transform = Transform3D(1, 0, 0, 0, 1, 0, 0, 0, 1, 0.17111, 9.34323, -155.468)

[node name="Cactus15" parent="." instance=ExtResource("4_hwtjs")]
transform = Transform3D(1, 0, 0, 0, 1, 0, 0, 0, 1, 1.93444, 9.34323, -155.468)

[node name="Cactus16" parent="." instance=ExtResource("4_hwtjs")]
transform = Transform3D(1, 0, 0, 0, 1, 0, 0, 0, 1, 3.78515, 9.34323, -155.468)

[node name="Cactus17" parent="." instance=ExtResource("4_hwtjs")]
transform = Transform3D(1, 0, 0, 0, 1, 0, 0, 0, 1, 11.9845, 9.34323, -155.392)

[node name="Cactus18" parent="." instance=ExtResource("4_hwtjs")]
transform = Transform3D(1, 0, 0, 0, 1, 0, 0, 0, 1, 13.8352, 9.34323, -155.392)

[node name="Cactus19" parent="." instance=ExtResource("4_hwtjs")]
transform = Transform3D(1, 0, 0, 0, 1, 0, 0, 0, 1, 15.5986, 9.34323, -155.392)

[node name="Cactus81" parent="." instance=ExtResource("4_hwtjs")]
transform = Transform3D(1, 0, 0, 0, 1, 0, 0, 0, 1, 33.4459, 9.23832, -102.651)

[node name="Cactus82" parent="." instance=ExtResource("4_hwtjs")]
transform = Transform3D(1, 0, 0, 0, 1, 0, 0, 0, 1, 41.2912, 9.34323, -94.1468)

[node name="Cactus20" parent="." instance=ExtResource("4_hwtjs")]
transform = Transform3D(1, 0, 0, 0, 1, 0, 0, 0, 1, 17.4493, 9.34323, -155.392)

[node name="Cactus21" parent="." instance=ExtResource("4_hwtjs")]
transform = Transform3D(1, 0, 0, 0, 1, 0, 0, 0, 1, -21.2417, 9.34323, -155.392)

[node name="Cactus22" parent="." instance=ExtResource("4_hwtjs")]
transform = Transform3D(1, 0, 0, 0, 1, 0, 0, 0, 1, -19.391, 9.34323, -155.392)

[node name="Cactus23" parent="." instance=ExtResource("4_hwtjs")]
transform = Transform3D(1, 0, 0, 0, 1, 0, 0, 0, 1, -17.6276, 9.34323, -155.392)

[node name="Cactus24" parent="." instance=ExtResource("4_hwtjs")]
transform = Transform3D(1, 0, 0, 0, 1, 0, 0, 0, 1, -15.7769, 9.34323, -155.392)

[node name="Cactus25" parent="." instance=ExtResource("4_hwtjs")]
transform = Transform3D(1, 0, 0, 0, 1, 0, 0, 0, 1, 5.06609, 9.34323, -155.493)

[node name="Cactus26" parent="." instance=ExtResource("4_hwtjs")]
transform = Transform3D(1, 0, 0, 0, 1, 0, 0, 0, 1, 6.9168, 9.34323, -155.493)

[node name="Cactus27" parent="." instance=ExtResource("4_hwtjs")]
transform = Transform3D(1, 0, 0, 0, 1, 0, 0, 0, 1, 8.68013, 9.34323, -155.493)

[node name="Cactus28" parent="." instance=ExtResource("4_hwtjs")]
transform = Transform3D(1, 0, 0, 0, 1, 0, 0, 0, 1, 10.5308, 9.34323, -155.493)

[node name="Cactus29" parent="." instance=ExtResource("4_hwtjs")]
transform = Transform3D(1, 0, 0, 0, 1, 0, 0, 0, 1, -28.3231, 9.34323, -155.54)

[node name="Cactus30" parent="." instance=ExtResource("4_hwtjs")]
transform = Transform3D(1, 0, 0, 0, 1, 0, 0, 0, 1, -26.4724, 9.34323, -155.54)

[node name="Cactus31" parent="." instance=ExtResource("4_hwtjs")]
transform = Transform3D(1, 0, 0, 0, 1, 0, 0, 0, 1, -24.7091, 9.34323, -155.54)

[node name="Cactus32" parent="." instance=ExtResource("4_hwtjs")]
transform = Transform3D(1, 0, 0, 0, 1, 0, 0, 0, 1, -22.8584, 9.34323, -155.54)

[node name="Cactus33" parent="." instance=ExtResource("4_hwtjs")]
transform = Transform3D(-0.0504709, 0, -0.998726, 0, 1, 0, 0.998726, 0, -0.0504709, -29.7353, 9.34323, -160.995)

[node name="Cactus34" parent="." instance=ExtResource("4_hwtjs")]
transform = Transform3D(-0.0504709, 0, -0.998726, 0, 1, 0, 0.998726, 0, -0.0504709, -29.8287, 9.34323, -159.147)

[node name="Cactus35" parent="." instance=ExtResource("4_hwtjs")]
transform = Transform3D(-0.0504709, 0, -0.998726, 0, 1, 0, 0.998726, 0, -0.0504709, -29.9177, 9.34323, -157.386)

[node name="Cactus36" parent="." instance=ExtResource("4_hwtjs")]
transform = Transform3D(-0.0504709, 0, -0.998726, 0, 1, 0, 0.998726, 0, -0.0504709, -30.0111, 9.34323, -155.537)

[node name="Cactus37" parent="." instance=ExtResource("4_hwtjs")]
transform = Transform3D(-0.0504709, 0, -0.998726, 0, 1, 0, 0.998726, 0, -0.0504709, -29.7353, 9.34323, -168.288)

[node name="Cactus38" parent="." instance=ExtResource("4_hwtjs")]
transform = Transform3D(-0.0504709, 0, -0.998726, 0, 1, 0, 0.998726, 0, -0.0504709, -29.8287, 9.34323, -166.44)

[node name="Cactus39" parent="." instance=ExtResource("4_hwtjs")]
transform = Transform3D(-0.0504709, 0, -0.998726, 0, 1, 0, 0.998726, 0, -0.0504709, -29.9177, 9.34323, -164.679)

[node name="Cactus40" parent="." instance=ExtResource("4_hwtjs")]
transform = Transform3D(-0.0504709, 0, -0.998726, 0, 1, 0, 0.998726, 0, -0.0504709, -30.0111, 9.34323, -162.83)

[node name="Cactus41" parent="." instance=ExtResource("4_hwtjs")]
transform = Transform3D(-0.0504709, 0, -0.998726, 0, 1, 0, 0.998726, 0, -0.0504709, -29.7353, 9.34323, -175.765)

[node name="Cactus42" parent="." instance=ExtResource("4_hwtjs")]
transform = Transform3D(-0.0504709, 0, -0.998726, 0, 1, 0, 0.998726, 0, -0.0504709, -29.8287, 9.34323, -173.917)

[node name="Cactus43" parent="." instance=ExtResource("4_hwtjs")]
transform = Transform3D(-0.0504709, 0, -0.998726, 0, 1, 0, 0.998726, 0, -0.0504709, -29.9177, 9.34323, -172.156)

[node name="Cactus44" parent="." instance=ExtResource("4_hwtjs")]
transform = Transform3D(-0.0504709, 0, -0.998726, 0, 1, 0, 0.998726, 0, -0.0504709, -30.0111, 9.34323, -170.308)

[node name="Cactus45" parent="." instance=ExtResource("4_hwtjs")]
transform = Transform3D(-0.0504709, 0, -0.998726, 0, 1, 0, 0.998726, 0, -0.0504709, -28.6905, 9.34323, -183.059)

[node name="Cactus46" parent="." instance=ExtResource("4_hwtjs")]
transform = Transform3D(-0.0504709, 0, -0.998726, 0, 1, 0, 0.998726, 0, -0.0504709, -28.784, 9.34323, -181.21)

[node name="Cactus47" parent="." instance=ExtResource("4_hwtjs")]
transform = Transform3D(-0.0504709, 0, -0.998726, 0, 1, 0, 0.998726, 0, -0.0504709, -28.8729, 9.34323, -179.449)

[node name="Cactus48" parent="." instance=ExtResource("4_hwtjs")]
transform = Transform3D(-0.0504709, 0, -0.998726, 0, 1, 0, 0.998726, 0, -0.0504709, -28.9664, 9.34323, -177.601)

[node name="Cactus49" parent="." instance=ExtResource("4_hwtjs")]
transform = Transform3D(-0.0504709, 0, -0.998726, 0, 1, 0, 0.998726, 0, -0.0504709, -28.6905, 9.34323, -190.727)

[node name="Cactus50" parent="." instance=ExtResource("4_hwtjs")]
transform = Transform3D(-0.0504709, 0, -0.998726, 0, 1, 0, 0.998726, 0, -0.0504709, -28.784, 9.34323, -188.879)

[node name="Cactus51" parent="." instance=ExtResource("4_hwtjs")]
transform = Transform3D(-0.0504709, 0, -0.998726, 0, 1, 0, 0.998726, 0, -0.0504709, -28.8729, 9.34323, -187.117)

[node name="Cactus52" parent="." instance=ExtResource("4_hwtjs")]
transform = Transform3D(-0.0504709, 0, -0.998726, 0, 1, 0, 0.998726, 0, -0.0504709, -28.9664, 9.34323, -185.269)

[node name="BasicIsland" type="CSGSphere3D" parent="Cactus52"]
transform = Transform3D(1, 0, -3.72529e-09, 0, 1, 0, 3.72529e-09, 0, 1, 217.667, -15.3429, -49.5621)
use_collision = true
radius = 14.0
material = SubResource("StandardMaterial3D_87k3a")
metadata/_edit_group_ = true

[node name="CSGCylinder3D" type="CSGCylinder3D" parent="Cactus52/BasicIsland"]
transform = Transform3D(1, 0, 0, 0, 1, 0, 0, 0, 1, 0, 7, 0)
operation = 2
radius = 16.0
height = 14.0
material = SubResource("StandardMaterial3D_xp6ic")

[node name="Cactus53" parent="." instance=ExtResource("4_hwtjs")]
transform = Transform3D(-0.999963, 0, 0.00856946, 0, 1, 0, -0.00856946, 0, -0.999963, -22.4039, 9.35952, -191.469)

[node name="Cactus54" parent="." instance=ExtResource("4_hwtjs")]
transform = Transform3D(-0.999963, 0, 0.00856946, 0, 1, 0, -0.00856946, 0, -0.999963, -24.2545, 9.35952, -191.485)

[node name="Cactus55" parent="." instance=ExtResource("4_hwtjs")]
transform = Transform3D(-0.999963, 0, 0.00856946, 0, 1, 0, -0.00856946, 0, -0.999963, -26.0178, 9.35952, -191.5)

[node name="Cactus56" parent="." instance=ExtResource("4_hwtjs")]
transform = Transform3D(-0.999963, 0, 0.00856946, 0, 1, 0, -0.00856946, 0, -0.999963, -27.8684, 9.35952, -191.516)

[node name="Cactus57" parent="." instance=ExtResource("4_hwtjs")]
transform = Transform3D(-0.0504709, 0, -0.998726, 0, 1, 0, 0.998726, 0, -0.0504709, 20.1036, 9.34323, -160.995)

[node name="Cactus58" parent="." instance=ExtResource("4_hwtjs")]
transform = Transform3D(-0.0504709, 0, -0.998726, 0, 1, 0, 0.998726, 0, -0.0504709, 20.0102, 9.34323, -159.147)

[node name="Cactus59" parent="." instance=ExtResource("4_hwtjs")]
transform = Transform3D(-0.0504709, 0, -0.998726, 0, 1, 0, 0.998726, 0, -0.0504709, 19.9212, 9.34323, -157.386)

[node name="Cactus60" parent="." instance=ExtResource("4_hwtjs")]
transform = Transform3D(-0.0504709, 0, -0.998726, 0, 1, 0, 0.998726, 0, -0.0504709, 19.8278, 9.34323, -155.537)

[node name="Cactus61" parent="." instance=ExtResource("4_hwtjs")]
transform = Transform3D(-0.0504709, 0, -0.998726, 0, 1, 0, 0.998726, 0, -0.0504709, 20.1036, 9.34323, -168.288)

[node name="Cactus62" parent="." instance=ExtResource("4_hwtjs")]
transform = Transform3D(-0.0504709, 0, -0.998726, 0, 1, 0, 0.998726, 0, -0.0504709, 20.0102, 9.34323, -166.44)

[node name="Cactus63" parent="." instance=ExtResource("4_hwtjs")]
transform = Transform3D(-0.0504709, 0, -0.998726, 0, 1, 0, 0.998726, 0, -0.0504709, 19.9212, 9.34323, -164.679)

[node name="Cactus64" parent="." instance=ExtResource("4_hwtjs")]
transform = Transform3D(-0.0504709, 0, -0.998726, 0, 1, 0, 0.998726, 0, -0.0504709, 19.8278, 9.34323, -162.83)

[node name="Cactus65" parent="." instance=ExtResource("4_hwtjs")]
transform = Transform3D(-0.0504709, 0, -0.998726, 0, 1, 0, 0.998726, 0, -0.0504709, 20.1036, 9.34323, -175.765)

[node name="Cactus66" parent="." instance=ExtResource("4_hwtjs")]
transform = Transform3D(-0.0504709, 0, -0.998726, 0, 1, 0, 0.998726, 0, -0.0504709, 20.0102, 9.34323, -173.917)

[node name="Cactus67" parent="." instance=ExtResource("4_hwtjs")]
transform = Transform3D(-0.0504709, 0, -0.998726, 0, 1, 0, 0.998726, 0, -0.0504709, 19.9212, 9.34323, -172.156)

[node name="Cactus68" parent="." instance=ExtResource("4_hwtjs")]
transform = Transform3D(-0.0504709, 0, -0.998726, 0, 1, 0, 0.998726, 0, -0.0504709, 19.8278, 9.34323, -170.308)

[node name="Cactus69" parent="." instance=ExtResource("4_hwtjs")]
transform = Transform3D(-0.0504709, 0, -0.998726, 0, 1, 0, 0.998726, 0, -0.0504709, 20.1036, 9.34323, -183.059)

[node name="Cactus70" parent="." instance=ExtResource("4_hwtjs")]
transform = Transform3D(-0.0504709, 0, -0.998726, 0, 1, 0, 0.998726, 0, -0.0504709, 20.0102, 9.34323, -181.21)

[node name="Cactus71" parent="." instance=ExtResource("4_hwtjs")]
transform = Transform3D(-0.0504709, 0, -0.998726, 0, 1, 0, 0.998726, 0, -0.0504709, 19.9212, 9.34323, -179.449)

[node name="Cactus72" parent="." instance=ExtResource("4_hwtjs")]
transform = Transform3D(-0.0504709, 0, -0.998726, 0, 1, 0, 0.998726, 0, -0.0504709, 19.8278, 9.34323, -177.601)

[node name="Cactus73" parent="." instance=ExtResource("4_hwtjs")]
transform = Transform3D(-0.0504709, 0, -0.998726, 0, 1, 0, 0.998726, 0, -0.0504709, 20.1036, 9.34323, -190.727)

[node name="Cactus74" parent="." instance=ExtResource("4_hwtjs")]
transform = Transform3D(-0.0504709, 0, -0.998726, 0, 1, 0, 0.998726, 0, -0.0504709, 20.0102, 9.34323, -188.879)

[node name="Cactus75" parent="." instance=ExtResource("4_hwtjs")]
transform = Transform3D(-0.0504709, 0, -0.998726, 0, 1, 0, 0.998726, 0, -0.0504709, 19.9212, 9.34323, -187.117)

[node name="Cactus76" parent="." instance=ExtResource("4_hwtjs")]
transform = Transform3D(-0.0504709, 0, -0.998726, 0, 1, 0, 0.998726, 0, -0.0504709, 19.8278, 9.34323, -185.269)

[node name="Cactus77" parent="." instance=ExtResource("4_hwtjs")]
transform = Transform3D(-0.0504709, 0, -0.998726, 0, 1, 0, 0.998726, 0, -0.0504709, 13.3416, 8.28186, -191.501)

[node name="Cactus78" parent="." instance=ExtResource("4_hwtjs")]
transform = Transform3D(-0.0504709, 0, -0.998726, 0, 1, 0, 0.998726, 0, -0.0504709, 14.8499, 9.34323, -191.404)

[node name="Cactus79" parent="." instance=ExtResource("4_hwtjs")]
transform = Transform3D(-0.0504709, 0, -0.998726, 0, 1, 0, 0.998726, 0, -0.0504709, 18.0717, 9.34323, -191.589)

[node name="Cactus80" parent="." instance=ExtResource("4_hwtjs")]
transform = Transform3D(-0.0504709, 0, -0.998726, 0, 1, 0, 0.998726, 0, -0.0504709, 16.4969, 9.34323, -191.505)

[node name="Node3D" parent="." instance=ExtResource("5_6m3iq")]
transform = Transform3D(1, 0, 0, 0, 1, 0, 0, 0, 1, 3.98726, 9.11487, -130.014)

[node name="Node3D2" parent="." instance=ExtResource("5_6m3iq")]
transform = Transform3D(1, 0, 0, 0, 1, 0, 0, 0, 1, 15.9873, 9.11487, -149.014)

[node name="Node3D3" parent="." instance=ExtResource("5_6m3iq")]
transform = Transform3D(1, 0, 0, 0, 1, 0, 0, 0, 1, -30.0127, 9.11487, -135.014)

[node name="Node3D4" parent="." instance=ExtResource("5_6m3iq")]
transform = Transform3D(1, 0, 0, 0, 1, 0, 0, 0, 1, -57.0127, 9.11487, -64.0137)

[node name="Node3D5" parent="." instance=ExtResource("5_6m3iq")]
transform = Transform3D(1, 0, 0, 0, 1, 0, 0, 0, 1, 59.9873, 9.11487, -34.0137)

[node name="Node3D6" parent="." instance=ExtResource("5_6m3iq")]
transform = Transform3D(1, 0, 0, 0, 1, 0, 0, 0, 1, 71.9873, 9.11487, -69.0137)

[node name="Node3D7" parent="." instance=ExtResource("5_6m3iq")]
transform = Transform3D(1, 0, 0, 0, 1, 0, 0, 0, 1, 35.9873, 9.11487, -141.014)

[node name="Node3D8" parent="." instance=ExtResource("5_6m3iq")]
transform = Transform3D(1, 0, 0, 0, 1, 0, 0, 0, 1, 46.9873, 9.11487, -131.014)

[node name="Node3D9" parent="." instance=ExtResource("5_6m3iq")]
transform = Transform3D(1, 0, 0, 0, 1, 0, 0, 0, 1, 36.9873, 9.11487, -134.014)

[node name="Node3D10" parent="." instance=ExtResource("5_6m3iq")]
transform = Transform3D(1, 0, 0, 0, 1, 0, 0, 0, 1, -62.1812, 9.06862, -131.071)

[node name="Node3D14" parent="." instance=ExtResource("5_6m3iq")]
transform = Transform3D(1, 0, 0, 0, 1, 0, 0, 0, 1, -53.7821, 9.06862, -131.071)

[node name="Node3D11" parent="." instance=ExtResource("5_6m3iq")]
transform = Transform3D(1, 0, 0, 0, 1, 0, 0, 0, 1, -70.0127, 9.11487, -126.014)

[node name="Node3D12" parent="." instance=ExtResource("5_6m3iq")]
transform = Transform3D(1, 0, 0, 0, 1, 0, 0, 0, 1, -73.0127, 9.11487, -119.014)

[node name="Node3D13" parent="." instance=ExtResource("5_6m3iq")]
transform = Transform3D(1, 0, 0, 0, 1, 0, 0, 0, 1, -75.0127, 9.11487, -109.014)

[node name="Node3D15" parent="." instance=ExtResource("5_6m3iq")]
transform = Transform3D(1, 0, 0, 0, 1, 0, 0, 0, 1, -38.6023, 9.06862, -106.572)

[node name="Node3D16" parent="." instance=ExtResource("5_6m3iq")]
transform = Transform3D(1, 0, 0, 0, 1, 0, 0, 0, 1, -47.2711, 9.06862, -99.6485)

[node name="Node3D17" parent="." instance=ExtResource("5_6m3iq")]
transform = Transform3D(1, 0, 0, 0, 1, 0, 0, 0, 1, -40.0219, 9.11487, -115.469)

[node name="Node3D18" parent="." instance=ExtResource("5_6m3iq")]
transform = Transform3D(1, 0, 0, 0, 1, 0, 0, 0, 1, -49.4339, 9.11487, -119.014)

[node name="Node3D19" parent="." instance=ExtResource("5_6m3iq")]
transform = Transform3D(1, 0, 0, 0, 1, 0, 0, 0, 1, -51.4339, 9.11487, -109.014)

[node name="AnimatableBody3D" type="AnimatableBody3D" parent="."]
transform = Transform3D(0.5, 1.86265e-09, -1.29247e-26, -1.86265e-09, 0.5, 0, 1.29247e-26, 4.81482e-35, 0.5, -28.0602, 12.7321, 34.9579)
collision_layer = 2
collision_mask = 40

[node name="CollisionShape3D" type="CollisionShape3D" parent="AnimatableBody3D"]
shape = SubResource("BoxShape3D_maklq")

[node name="AnimatableBody3D2" type="AnimatableBody3D" parent="."]
transform = Transform3D(0.5, 1.86265e-09, -1.29247e-26, -1.86265e-09, 0.5, 0, 1.29247e-26, 4.81482e-35, 0.5, -39.4512, 13.6553, 22.4075)
collision_layer = 2
collision_mask = 40

[node name="MeshInstance3D" type="MeshInstance3D" parent="AnimatableBody3D2"]
transform = Transform3D(1, 0, 0, 0, 1, 0, 0, 0, 1, 0, 1.59778, 0)
mesh = SubResource("BoxMesh_r84id")
skeleton = NodePath("../CollisionShape3D")

[node name="CollisionShape3D" type="CollisionShape3D" parent="AnimatableBody3D2"]
shape = SubResource("BoxShape3D_maklq")

[node name="Node3D20" parent="." instance=ExtResource("5_s8in8")]
transform = Transform3D(1, 0, 0, 0, 1, 0, 0, 0, 1, -112.465, 0, 58.313)

[node name="Node3D21" parent="." instance=ExtResource("5_s8in8")]
transform = Transform3D(0.989425, 0, 0.145047, 0, 1, 0, -0.145047, 0, 0.989425, 25.7742, 0, 72.5727)

[node name="Node3D22" parent="." instance=ExtResource("5_s8in8")]
transform = Transform3D(0.402922, 0, 0.915234, 0, 1, 0, -0.915234, 0, 0.402922, 112.334, 0, -2.78411)

[node name="Node3D23" parent="." instance=ExtResource("5_s8in8")]
transform = Transform3D(0.750584, 0, -0.660775, 0, 1, 0, 0.660775, 0, 0.750584, -150.2, 0, -31.2115)

[node name="Node3D24" parent="." instance=ExtResource("6_nfy6x")]
transform = Transform3D(1, 0, 0, 0, 1, 0, 0, 0, 1, -32.0883, 10.1432, -155.179)

[node name="Node3D25" parent="." instance=ExtResource("7_dtur1")]
transform = Transform3D(0.2, 0, 0, 0, 0.2, 0, 0, 0, 0.2, -48.0122, 9.3432, -114.829)

[node name="Node3D26" parent="." instance=ExtResource("7_dtur1")]
transform = Transform3D(0.2, 0, 0, 0, 0.2, 0, 0, 0, 0.2, -63.2727, 9.34344, -115.713)

[node name="Node3D27" parent="." instance=ExtResource("7_dtur1")]
transform = Transform3D(0.2, 0, 0, 0, 0.2, 0, 0, 0, 0.2, -56.8851, 9.34344, -119.95)

[node name="Node3D28" parent="." instance=ExtResource("7_dtur1")]
transform = Transform3D(0.2, 0, 0, 0, 0.2, 0, 0, 0, 0.2, -59.2423, 9.34249, -107.22)

[node name="Node3D29" parent="." instance=ExtResource("7_dtur1")]
transform = Transform3D(0.2, 0, 0, 0, 0.2, 0, 0, 0, 0.2, -64.7195, 9.34344, -109.772)

[node name="Node3D30" parent="." instance=ExtResource("7_dtur1")]
transform = Transform3D(0.2, 0, 0, 0, 0.2, 0, 0, 0, 0.2, -49.2163, 9.34287, -108.354)

[node name="Node3D31" parent="." instance=ExtResource("7_dtur1")]
transform = Transform3D(0.2, 0, 0, 0, 0.2, 0, 0, 0, 0.2, -46.935, 9.34344, -118.913)

[node name="Node3D32" parent="." instance=ExtResource("7_dtur1")]
transform = Transform3D(0.2, 0, 0, 0, 0.2, 0, 0, 0, 0.2, -39.3741, 9.26734, -108.224)

[node name="Node3D33" parent="." instance=ExtResource("7_dtur1")]
transform = Transform3D(0.2, 0, 0, 0, 0.2, 0, 0, 0, 0.2, -34.616, 8.81206, -104.704)

[node name="Node3D34" parent="." instance=ExtResource("7_dtur1")]
transform = Transform3D(0.2, 0, 0, 0, 0.2, 0, 0, 0, 0.2, -48.1734, 9.34402, -101.315)

[node name="Node3D35" parent="." instance=ExtResource("7_dtur1")]
transform = Transform3D(0.2, 0, 0, 0, 0.2, 0, 0, 0, 0.2, -42.3724, 9.2868, -100.141)

[node name="Node3D36" parent="." instance=ExtResource("6_nfy6x")]
transform = Transform3D(1, 0, 0, 0, 1, 0, 0, 0, 1, -75.8899, 10.1432, -124.185)

[node name="Node3D37" parent="." instance=ExtResource("6_nfy6x")]
transform = Transform3D(0.464069, 0, 0.885799, 0, 1, 0, -0.885799, 0, 0.464069, -80.8892, 10.1432, -114.713)

[node name="Node3D38" parent="." instance=ExtResource("6_nfy6x")]
transform = Transform3D(0.235939, 0, -0.971768, 0, 1, 0, 0.971768, 0, 0.235939, -84.8359, 10.1432, -108.048)

[node name="Node3D39" parent="." instance=ExtResource("6_nfy6x")]
transform = Transform3D(1, 0, 0, 0, 1, 0, 0, 0, 1, 33.2622, 9.22004, -94.5797)

[node name="Node3D40" parent="." instance=ExtResource("6_nfy6x")]
transform = Transform3D(1, 0, 0, 0, 1, 0, 0, 0, 1, 38.6407, 9.31617, -91.2698)

[node name="Node3D41" parent="." instance=ExtResource("6_nfy6x")]
transform = Transform3D(1, 0, 0, 0, 1, 0, 0, 0, 1, 71.3253, 9.34306, -102.337)

[node name="Node3D42" parent="." instance=ExtResource("6_nfy6x")]
transform = Transform3D(1, 0, 0, 0, 1, 0, 0, 0, 1, 59.2237, 9.34344, -124.058)

[node name="Node3D43" parent="." instance=ExtResource("7_dtur1")]
transform = Transform3D(0.2, 0, 0, 0, 0.2, 0, 0, 0, 0.2, -68.925, 9.34364, -67.9875)

[node name="Node3D44" parent="." instance=ExtResource("7_dtur1")]
transform = Transform3D(0.2, 0, 0, 0, 0.2, 0, 0, 0, 0.2, -65.4422, 9.34402, -58.942)

[node name="Node3D45" parent="." instance=ExtResource("7_dtur1")]
transform = Transform3D(0.2, 0, 0, 0, 0.2, 0, 0, 0, 0.2, -61.4129, 9.34344, -65.7083)

[node name="Node3D46" parent="." instance=ExtResource("7_dtur1")]
transform = Transform3D(0.2, 0, 0, 0, 0.2, 0, 0, 0, 0.2, -49.6288, 9.34345, -60.2345)

[node name="Node3D47" parent="." instance=ExtResource("7_dtur1")]
transform = Transform3D(0.2, 0, 0, 0, 0.2, 0, 0, 0, 0.2, -49.1727, 9.34306, -70.1938)

[node name="Node3D48" parent="." instance=ExtResource("7_dtur1")]
transform = Transform3D(0.2, 0, 0, 0, 0.2, 0, 0, 0, 0.2, -45.0673, 9.32208, -73.0068)

[node name="Node3D49" parent="." instance=ExtResource("7_dtur1")]
transform = Transform3D(0.2, 0, 0, 0, 0.2, 0, 0, 0, 0.2, -44.383, 9.31922, -64.9481)

[node name="Node3D50" parent="." instance=ExtResource("9_wqgu7")]
transform = Transform3D(1, 0, 0, 0, 1, 0, 0, 0, 1, -78.1894, 9.34325, -103.251)

[node name="Node3D51" parent="." instance=ExtResource("9_wqgu7")]
transform = Transform3D(1, 0, 0, 0, 1, 0, 0, 0, 1, -45.6241, 9.34401, -135.477)

[node name="Node3D52" parent="." instance=ExtResource("9_wqgu7")]
transform = Transform3D(0.922457, 0, -0.386099, 0, 1, 0, 0.386099, 0, 0.922457, -56.2957, 9.34344, -135.758)

[node name="Node3D53" parent="." instance=ExtResource("9_wqgu7")]
