[gd_scene format=3 uid="uid://dt1jvf850kdle"]

[ext_resource type="Script" uid="uid://d3ecrctnlge12" path="res://Environment/cactus.gd" id="1_d0v4c"]

[sub_resource type="StandardMaterial3D" id="StandardMaterial3D_pib0m"]
albedo_color = Color(0, 0.284269, 0.123593, 1)
metallic_specular = 0.0

[sub_resource type="CapsuleShape3D" id="CapsuleShape3D_sts4y"]
radius = 0.67034
height = 2.33

[node name="Cactus" type="Area3D" unique_id=810586467]
collision_layer = 128
collision_mask = 40
script = ExtResource("1_d0v4c")

[node name="Visual Placeholder" type="CSGCombiner3D" parent="." unique_id=2020176024]
material_override = SubResource("StandardMaterial3D_pib0m")

[node name="Top" type="CSGSphere3D" parent="Visual Placeholder" unique_id=1233873280]
transform = Transform3D(1, 0, 0, 0, 1, 0, 0, 0, 1, 0, 1, 0)
radial_segments = 8

[node name="CSGCylinder3D" type="CSGCylinder3D" parent="Visual Placeholder" unique_id=2004222005]
transform = Transform3D(1, 0, 0, 0, 1, 0, 0, 0, 1, 0, 0.5, 0)
height = 1.0

[node name="CSGCylinder3D2" type="CSGCylinder3D" parent="Visual Placeholder" unique_id=161241332]
transform = Transform3D(1, 0, 0, 0, 1, 0, 0, 0, 1, 0, 1.61339, 0)
radius = 0.17
height = 0.33
cone = true

[node name="CSGCylinder3D3" type="CSGCylinder3D" parent="Visual Placeholder" unique_id=34183629]
transform = Transform3D(1, 0, 0, 0, -4.37114e-08, 1, 0, -1, -4.37114e-08, 0, 1, -0.5)
radius = 0.17
height = 0.33
cone = true

[node name="CSGCylinder3D4" type="CSGCylinder3D" parent="Visual Placeholder" unique_id=1731517205]
transform = Transform3D(1, 0, 0, 0, -4.37114e-08, -1, 0, 1, -4.37114e-08, 0, 1, 0.5)
radius = 0.17
height = 0.33
cone = true

[node name="CSGCylinder3D5" type="CSGCylinder3D" parent="Visual Placeholder" unique_id=1559103763]
transform = Transform3D(-4.37114e-08, 1, 0, -1, -4.37114e-08, 0, 0, 0, 1, 0.5, 1, 0)
radius = 0.17
height = 0.33
cone = true

[node name="CSGCylinder3D6" type="CSGCylinder3D" parent="Visual Placeholder" unique_id=121282729]
transform = Transform3D(-4.37114e-08, -1, 0, 1, -4.37114e-08, 0, 0, 0, 1, -0.5, 1, 0)
radius = 0.17
height = 0.33
cone = true

[node name="CSGCylinder3D7" type="CSGCylinder3D" parent="Visual Placeholder" unique_id=1142436338]
transform = Transform3D(0.707107, -0.707107, -3.09086e-08, 0, -4.37114e-08, 1, -0.707107, -0.707107, -3.09086e-08, -0.353553, 0.552863, -0.353553)
radius = 0.17
height = 0.33
cone = true

[node name="CSGCylinder3D8" type="CSGCylinder3D" parent="Visual Placeholder" unique_id=2110485058]
transform = Transform3D(0.707107, 0.707107, -3.09086e-08, 0, -4.37114e-08, -1, -0.707107, 0.707107, -3.09086e-08, 0.353553, 0.552863, 0.353553)
radius = 0.17
height = 0.33
cone = true

[node name="CSGCylinder3D9" type="CSGCylinder3D" parent="Visual Placeholder" unique_id=160789621]
transform = Transform3D(-3.09086e-08, 0.707107, 0.707107, -1, -4.37114e-08, 0, 3.09086e-08, -0.707107, 0.707107, 0.353553, 0.552863, -0.353553)
radius = 0.17
height = 0.33
cone = true

[node name="CSGCylinder3D10" type="CSGCylinder3D" parent="Visual Placeholder" unique_id=1395557759]
transform = Transform3D(-3.09086e-08, -0.707107, 0.707107, 1, -4.37114e-08, 0, 3.09086e-08, 0.707107, 0.707107, -0.353553, 0.552863, 0.353553)
radius = 0.17
height = 0.33
cone = true

[node name="CollisionShape3D" type="CollisionShape3D" parent="." unique_id=2073031719]
transform = Transform3D(1, 0, 0, 0, 1, 0, 0, 0, 1, 0, 0.668856, 0)
shape = SubResource("CapsuleShape3D_sts4y")

[connection signal="body_entered" from="." to="." method="_on_body_entered"]
