[gd_scene format=3 uid="uid://dldd3obkxo5mx"]

[ext_resource type="Shape3D" uid="uid://bsfpaolcoljuf" path="res://Environment/Map/big_craters_collision.res" id="2_8wcvj"]
[ext_resource type="PackedScene" uid="uid://dl4hxqrbpe0dd" path="res://Environment/Map/Map_Main_2.FBX" id="2_28fgy"]
[ext_resource type="Texture2D" uid="uid://dlsvwr0hj6c0h" path="res://Environment/Map/Map Texture/UV Map.png" id="2_76pkd"]
[ext_resource type="PackedScene" uid="uid://kqb5apvck6bb" path="res://Environment/Cactus_TallArms_Cluster.tscn" id="2_jfmb3"]
[ext_resource type="ArrayMesh" uid="uid://ccs4r5etfg05h" path="res://Environment/Map/Map_FloatIsland01.obj" id="3_gg0vi"]
[ext_resource type="PackedScene" uid="uid://dt1jvf850kdle" path="res://Environment/cactus.tscn" id="4_hwtjs"]
[ext_resource type="PackedScene" uid="uid://cfslk25rm24fe" path="res://Environment/Cactus_cluster.tscn" id="5_6m3iq"]
[ext_resource type="PackedScene" uid="uid://uxv0qovjaeat" path="res://Environment/Cactus_TallArms.tscn" id="6_nfy6x"]
[ext_resource type="PackedScene" uid="uid://crjbyid8mhpo2" path="res://Environment/Cactus_Single.tscn" id="7_dtur1"]
[ext_resource type="Shape3D" uid="uid://cs3rlfvcpwl8h" path="res://Environment/Map/pink_platform_collision.res" id="7_hmgw5"]
[ext_resource type="PackedScene" uid="uid://qitdvbwsg26m" path="res://Environment/Cactus_SIngle_Cluster.tscn" id="9_wqgu7"]
[ext_resource type="PackedScene" uid="uid://ca5myhyvxhckh" path="res://Environment/Map/floating_platform.tscn" id="11_lc8ds"]
[ext_resource type="Script" uid="uid://c8v6tn3d8lj4y" path="res://addons/proton_scatter/src/scatter.gd" id="12_awwia"]
[ext_resource type="Script" uid="uid://bn2h1lk4u5vpc" path="res://addons/proton_scatter/src/stack/modifier_stack.gd" id="13_tysme"]
[ext_resource type="Script" uid="uid://dym3i73nv5i35" path="res://addons/proton_scatter/src/modifiers/base_modifier.gd" id="14_me6gm"]
[ext_resource type="Script" uid="uid://dc1ucqqe7iw28" path="res://addons/proton_scatter/src/modifiers/create_inside_random.gd" id="15_084cj"]
[ext_resource type="Script" uid="uid://css6i6wd7sevn" path="res://addons/proton_scatter/src/modifiers/randomize_transforms.gd" id="16_p27gd"]
[ext_resource type="Script" uid="uid://4aafh2nh7ti2" path="res://addons/proton_scatter/src/modifiers/relax.gd" id="17_v0q4d"]
[ext_resource type="Script" uid="uid://co2v43dtw6owx" path="res://addons/proton_scatter/src/modifiers/project_on_geometry.gd" id="18_ryrr3"]
[ext_resource type="Script" uid="uid://dpm4lfntker8i" path="res://addons/proton_scatter/src/modifiers/offset_rotation.gd" id="19_euwyg"]
[ext_resource type="Script" uid="uid://b36f33s6amagd" path="res://addons/proton_scatter/src/modifiers/offset_scale.gd" id="20_gpp8u"]
[ext_resource type="Script" uid="uid://dhsixsr0tkcqt" path="res://addons/proton_scatter/src/scatter_item.gd" id="21_rt1kp"]
[ext_resource type="Script" uid="uid://bhqrb84uhy8rj" path="res://addons/proton_scatter/src/scatter_shape.gd" id="22_l4wjj"]
[ext_resource type="Script" uid="uid://bn4drsnpso3s5" path="res://addons/proton_scatter/src/shapes/path_shape.gd" id="23_7oxu7"]
[ext_resource type="Script" uid="uid://hj73lyh6orxg" path="res://addons/proton_scatter/src/cache/scatter_cache.gd" id="25_tnxqj"]
[ext_resource type="Texture2D" uid="uid://dd58eiw2rpc5b" path="res://Environment/Map/Map Texture/InfiniteArea_USE.png" id="26_q5ldf"]
[ext_resource type="Texture2D" uid="uid://dliu467nuoqbj" path="res://Environment/Map/Map Texture/InfiniteArea_USE_light.png" id="27_7060n"]

[sub_resource type="StandardMaterial3D" id="StandardMaterial3D_yj5du"]
albedo_texture = ExtResource("2_76pkd")

[sub_resource type="StandardMaterial3D" id="StandardMaterial3D_87k3a"]
albedo_color = Color(0.571918, 0.39397, 0.289686, 1)

[sub_resource type="StandardMaterial3D" id="StandardMaterial3D_xp6ic"]
albedo_color = Color(0.40871, 0.0452456, 0.18161, 1)

[sub_resource type="CylinderShape3D" id="CylinderShape3D_m3a8x"]
height = 6.0
radius = 13.6

[sub_resource type="BoxShape3D" id="BoxShape3D_maklq"]
size = Vector3(8, 1, 8)

[sub_resource type="Resource" id="Resource_k2sq2"]
script = ExtResource("15_084cj")
amount = 500
override_global_seed = true
custom_seed = 16
restrict_height = true
reference_frame = 1

[sub_resource type="Resource" id="Resource_qjxqb"]
script = ExtResource("16_p27gd")
position = Vector3(3, 0, 3)
rotation = Vector3(0, 360, 0)
scale = Vector3(2, 2, 2)
reference_frame = 2

[sub_resource type="Resource" id="Resource_k5r6k"]
script = ExtResource("17_v0q4d")
offset_step = 0.2
consecutive_step_multiplier = 0.75
use_computeshader = false
restrict_height = true

[sub_resource type="Resource" id="Resource_v8kfb"]
script = ExtResource("18_ryrr3")
ray_length = 5.0
ray_offset = 5.0
remove_points_on_miss = false

[sub_resource type="Resource" id="Resource_yif3f"]
script = ExtResource("19_euwyg")
rotation = Vector3(90, 90, 90)
reference_frame = 2

[sub_resource type="Resource" id="Resource_rdkrn"]
script = ExtResource("20_gpp8u")
scale = Vector3(100, 100, 100)
reference_frame = 2

[sub_resource type="Resource" id="Resource_s35cr"]
script = ExtResource("13_tysme")
stack = Array[ExtResource("14_me6gm")]([SubResource("Resource_k2sq2"), SubResource("Resource_qjxqb"), SubResource("Resource_k5r6k"), SubResource("Resource_v8kfb"), SubResource("Resource_yif3f"), SubResource("Resource_rdkrn")])

[sub_resource type="Curve3D" id="Curve3D_vnv83"]
_data = {
"points": PackedVector3Array(0, 0, 0, 0, 0, 0, -201.138, 0, -157.623, 0, 0, 0, 0, 0, 0, -202.491, 0, 56.8731, 0, 0, 0, 0, 0, 0, 16.7004, 0, 179.441, 0, 0, 0, 0, 0, 0, 161.665, 0, 89.2301, 0, 0, 0, 0, 0, 0, 211.171, 0, -85.6485, 0, 0, 0, 0, 0, 0, 159.838, 0, -195.893),
"tilts": PackedFloat32Array(0, 0, 0, 0, 0, 0)
}
point_count = 6

[sub_resource type="Resource" id="Resource_6c6sv"]
script = ExtResource("23_7oxu7")
closed = false
thickness = 200.0
curve = SubResource("Curve3D_vnv83")

[sub_resource type="StandardMaterial3D" id="StandardMaterial3D_vbvjq"]
albedo_texture = ExtResource("26_q5ldf")
emission_enabled = true
emission_on_uv2 = true
emission_texture = ExtResource("27_7060n")
uv1_scale = Vector3(20, 20, 20)
uv2_scale = Vector3(20, 20, 20)

[sub_resource type="PlaneMesh" id="PlaneMesh_y0sym"]
size = Vector2(10000, 10000)

[node name="Node3D" type="Node3D" unique_id=1265708746]

[node name="Map_Main_2" parent="." unique_id=787360554 instance=ExtResource("2_28fgy")]
transform = Transform3D(10, 0, 0, 0, 10, 0, 0, 0, 10, -5.18129, 78.7013, -75.4672)

[node name="Cylinder001" parent="Map_Main_2" index="0" unique_id=1517977823]
transform = Transform3D(32.365, 0, 0, 0, -1.41472e-06, 10, 0, -32.365, -4.37114e-07, 0, -8.17581, 0)
material_override = SubResource("StandardMaterial3D_yj5du")

[node name="StaticBody3D" type="StaticBody3D" parent="Map_Main_2/Cylinder001" index="0" unique_id=495628099]

[node name="CollisionShape3D" type="CollisionShape3D" parent="Map_Main_2/Cylinder001/StaticBody3D" unique_id=1201976919]
shape = ExtResource("2_8wcvj")

[node name="Node3D" parent="Map_Main_2" unique_id=30508407 instance=ExtResource("2_jfmb3")]
transform = Transform3D(0.1, 0, 0, 0, 0.1, 0, 0, 0, 0.1, -7.93003, -6.93582, -0.0270586)

[node name="Node3D2" parent="Map_Main_2" unique_id=660340331 instance=ExtResource("2_jfmb3")]
transform = Transform3D(0.1, 0, 0, 0, 0.1, 0, 0, 0, 0.1, -6.92271, -6.9358, 3.73362)

[node name="Node3D3" parent="Map_Main_2" unique_id=645500689 instance=ExtResource("2_jfmb3")]
transform = Transform3D(0.1, 0, 0, 0, 0.1, 0, 0, 0, 0.1, -3.23542, -6.9358, 5.16926)

[node name="Node3D4" parent="Map_Main_2" unique_id=1571301733 instance=ExtResource("2_jfmb3")]
transform = Transform3D(0.0651423, 0, -0.0758715, 0, 0.1, 0, 0.0758715, 0, 0.0651423, -6.03914, -6.9358, 4.74954)

[node name="Node3D5" parent="Map_Main_2" unique_id=949061557 instance=ExtResource("9_wqgu7")]
transform = Transform3D(0.1, 0, 0, 0, 0.1, 0, 0, 0, 0.1, 6.41933, -6.9358, 4.7716)

[node name="Node3D6" parent="Map_Main_2" unique_id=253049571 instance=ExtResource("9_wqgu7")]
transform = Transform3D(0.1, 0, 0, 0, 0.1, 0, 0, 0, 0.1, 8.29073, -6.85581, -1.73614)

[node name="Node3D7" parent="Map_Main_2" unique_id=383214940 instance=ExtResource("9_wqgu7")]
transform = Transform3D(0.1, 0, 0, 0, 0.1, 0, 0, 0, 0.1, 8.44943, -6.85583, -1.03787)

[node name="Node3D8" parent="Map_Main_2" unique_id=1492767132 instance=ExtResource("9_wqgu7")]
transform = Transform3D(0.1, 0, 0, 0, 0.1, 0, 0, 0, 0.1, 8.51291, -6.85583, -0.392509)

[node name="MapFloatIsland01" type="MeshInstance3D" parent="." unique_id=106770110]
transform = Transform3D(1, 0, 0, 0, 1, 0, 0, 0, 1, 15.3378, 12.5446, -4.3229)
mesh = ExtResource("3_gg0vi")

[node name="StaticBody3D" type="StaticBody3D" parent="MapFloatIsland01" unique_id=2009347719]

[node name="CollisionShape3D" type="CollisionShape3D" parent="MapFloatIsland01/StaticBody3D" unique_id=2048949480]
shape = ExtResource("7_hmgw5")

[node name="MapFloatIsland17" type="MeshInstance3D" parent="." unique_id=1122641049]
transform = Transform3D(0.5, 0, 0, 0, 0.5, 0, 0, 0, 0.5, 15.3378, -4.44426, 50.2039)
mesh = ExtResource("3_gg0vi")

[node name="StaticBody3D" type="StaticBody3D" parent="MapFloatIsland17" unique_id=603908078]

[node name="CollisionShape3D" type="CollisionShape3D" parent="MapFloatIsland17/StaticBody3D" unique_id=1625219002]
shape = ExtResource("7_hmgw5")

[node name="MapFloatIsland18" type="MeshInstance3D" parent="." unique_id=1523341864]
transform = Transform3D(0.5, 0, 0, 0, 0.5, 0, 0, 0, 0.5, 9.38387, -3.96663, 53.0045)
mesh = ExtResource("3_gg0vi")

[node name="StaticBody3D" type="StaticBody3D" parent="MapFloatIsland18" unique_id=1593437382]

[node name="CollisionShape3D" type="CollisionShape3D" parent="MapFloatIsland18/StaticBody3D" unique_id=194998055]
shape = ExtResource("7_hmgw5")

[node name="MapFloatIsland19" type="MeshInstance3D" parent="." unique_id=92641347]
transform = Transform3D(0.5, 0, 0, 0, 0.5, 0, 0, 0, 0.5, 4.58629, -3.06929, 49.7551)
mesh = ExtResource("3_gg0vi")

[node name="StaticBody3D" type="StaticBody3D" parent="MapFloatIsland19" unique_id=894501213]

[node name="CollisionShape3D" type="CollisionShape3D" parent="MapFloatIsland19/StaticBody3D" unique_id=1900670255]
shape = ExtResource("7_hmgw5")

[node name="MapFloatIsland20" type="MeshInstance3D" parent="." unique_id=1949725879]
transform = Transform3D(0.5, 0, 0, 0, 0.5, 0, 0, 0, 0.5, -1.36765, -2.59167, 52.5556)
mesh = ExtResource("3_gg0vi")

[node name="StaticBody3D" type="StaticBody3D" parent="MapFloatIsland20" unique_id=16612988]

[node name="CollisionShape3D" type="CollisionShape3D" parent="MapFloatIsland20/StaticBody3D" unique_id=509177214]
shape = ExtResource("7_hmgw5")

[node name="MapFloatIsland21" type="MeshInstance3D" parent="." unique_id=1700777017]
transform = Transform3D(0.0132978, 0, -0.499823, 0, 0.5, 0, 0.499823, 0, 0.0132978, -2.06521, -2.26758, 45.9453)
mesh = ExtResource("3_gg0vi")

[node name="StaticBody3D" type="StaticBody3D" parent="MapFloatIsland21" unique_id=122265100]

[node name="CollisionShape3D" type="CollisionShape3D" parent="MapFloatIsland21/StaticBody3D" unique_id=130923166]
shape = ExtResource("7_hmgw5")

[node name="MapFloatIsland22" type="MeshInstance3D" parent="." unique_id=1087596870]
transform = Transform3D(0.0132978, 0, -0.499823, 0, 0.5, 0, 0.499823, 0, 0.0132978, -5.02314, -1.78995, 40.068)
mesh = ExtResource("3_gg0vi")

[node name="StaticBody3D" type="StaticBody3D" parent="MapFloatIsland22" unique_id=399536045]

[node name="CollisionShape3D" type="CollisionShape3D" parent="MapFloatIsland22/StaticBody3D" unique_id=1025558531]
shape = ExtResource("7_hmgw5")

[node name="MapFloatIsland23" type="MeshInstance3D" parent="." unique_id=1732360172]
transform = Transform3D(0.0132978, 0, -0.499823, 0, 0.5, 0, 0.499823, 0, 0.0132978, -1.90247, -0.892609, 35.1857)
mesh = ExtResource("3_gg0vi")

[node name="StaticBody3D" type="StaticBody3D" parent="MapFloatIsland23" unique_id=402030815]

[node name="CollisionShape3D" type="CollisionShape3D" parent="MapFloatIsland23/StaticBody3D" unique_id=1141980600]
shape = ExtResource("7_hmgw5")

[node name="MapFloatIsland24" type="MeshInstance3D" parent="." unique_id=335475318]
transform = Transform3D(0.00473847, 0, -0.499978, 0, 0.5, 0, 0.499978, 0, 0.00473847, -4.8604, 0.682538, 31.6436)
mesh = ExtResource("3_gg0vi")

[node name="StaticBody3D" type="StaticBody3D" parent="MapFloatIsland24" unique_id=1327822608]

[node name="CollisionShape3D" type="CollisionShape3D" parent="MapFloatIsland24/StaticBody3D" unique_id=484532797]
shape = ExtResource("7_hmgw5")

[node name="MapFloatIsland25" type="MeshInstance3D" parent="." unique_id=1592942632]
transform = Transform3D(0.00473847, 0, -0.499978, 0, 0.5, 0, 0.499978, 0, 0.00473847, -8.44436, 2.65479, 31.6436)
mesh = ExtResource("3_gg0vi")

[node name="StaticBody3D" type="StaticBody3D" parent="MapFloatIsland25" unique_id=779617136]

[node name="CollisionShape3D" type="CollisionShape3D" parent="MapFloatIsland25/StaticBody3D" unique_id=1493209482]
shape = ExtResource("7_hmgw5")

[node name="MapFloatIsland26" type="MeshInstance3D" parent="." unique_id=2093084044]
transform = Transform3D(0.00473847, 0, -0.499978, 0, 0.5, 0, 0.499978, 0, 0.00473847, -16.8504, 3.68901, 31.6436)
mesh = ExtResource("3_gg0vi")

[node name="StaticBody3D" type="StaticBody3D" parent="MapFloatIsland26" unique_id=360854972]

[node name="CollisionShape3D" type="CollisionShape3D" parent="MapFloatIsland26/StaticBody3D" unique_id=1583411896]
shape = ExtResource("7_hmgw5")

[node name="MapFloatIsland27" type="MeshInstance3D" parent="." unique_id=1520341588]
transform = Transform3D(0.00473847, 0, -0.499978, 0, 0.5, 0, 0.499978, 0, 0.00473847, -16.8504, 5.48784, 25.9375)
mesh = ExtResource("3_gg0vi")

[node name="StaticBody3D" type="StaticBody3D" parent="MapFloatIsland27" unique_id=1172815315]

[node name="CollisionShape3D" type="CollisionShape3D" parent="MapFloatIsland27/StaticBody3D" unique_id=1357602462]
shape = ExtResource("7_hmgw5")

[node name="MapFloatIsland29" type="MeshInstance3D" parent="." unique_id=1672032892]
transform = Transform3D(0.00473847, 0, -0.499978, 0, 0.5, 0, 0.499978, 0, 0.00473847, -28.236, 9.44661, 23.0799)
mesh = ExtResource("3_gg0vi")

[node name="StaticBody3D" type="StaticBody3D" parent="MapFloatIsland29" unique_id=977493430]

[node name="CollisionShape3D" type="CollisionShape3D" parent="MapFloatIsland29/StaticBody3D" unique_id=1065532085]
shape = ExtResource("7_hmgw5")

[node name="MapFloatIsland30" type="MeshInstance3D" parent="." unique_id=1288420350]
transform = Transform3D(0.00473847, 0, -0.499978, 0, 0.5, 0, 0.499978, 0, 0.00473847, -26.0061, 11.3604, 24.8388)
mesh = ExtResource("3_gg0vi")

[node name="StaticBody3D" type="StaticBody3D" parent="MapFloatIsland30" unique_id=98549647]

[node name="CollisionShape3D" type="CollisionShape3D" parent="MapFloatIsland30/StaticBody3D" unique_id=2062791362]
shape = ExtResource("7_hmgw5")

[node name="MapFloatIsland31" type="MeshInstance3D" parent="." unique_id=1023328299]
transform = Transform3D(0.00473847, 0, -0.499978, 0, 0.5, 0, 0.499978, 0, 0.00473847, -26.0585, 12.3352, 28.8581)
mesh = ExtResource("3_gg0vi")

[node name="StaticBody3D" type="StaticBody3D" parent="MapFloatIsland31" unique_id=978778771]

[node name="CollisionShape3D" type="CollisionShape3D" parent="MapFloatIsland31/StaticBody3D" unique_id=1102815695]
shape = ExtResource("7_hmgw5")

[node name="MapFloatIsland32" type="MeshInstance3D" parent="." unique_id=1148407620]
transform = Transform3D(0.00473847, 0, -0.499978, 0, 0.5, 0, 0.499978, 0, 0.00473847, -39.3645, 12.3352, 28.8581)
mesh = ExtResource("3_gg0vi")

[node name="StaticBody3D" type="StaticBody3D" parent="MapFloatIsland32" unique_id=492043077]

[node name="CollisionShape3D" type="CollisionShape3D" parent="MapFloatIsland32/StaticBody3D" unique_id=1797322132]
shape = ExtResource("7_hmgw5")

[node name="MapFloatIsland33" type="MeshInstance3D" parent="." unique_id=496051294]
transform = Transform3D(0.00473847, 0, -0.499978, 0, 0.5, 0, 0.499978, 0, 0.00473847, -39.3645, 13.4811, 25.6575)
mesh = ExtResource("3_gg0vi")

[node name="StaticBody3D" type="StaticBody3D" parent="MapFloatIsland33" unique_id=1197000460]

[node name="CollisionShape3D" type="CollisionShape3D" parent="MapFloatIsland33/StaticBody3D" unique_id=1653095976]
shape = ExtResource("7_hmgw5")

[node name="MapFloatIsland28" type="MeshInstance3D" parent="." unique_id=8926081]
transform = Transform3D(0.00473847, 0, -0.499978, 0.0143789, 0.499793, 0.000136274, 0.499771, -0.0143795, 0.00473651, -32.5255, 7.28364, 25.9375)
mesh = ExtResource("3_gg0vi")

[node name="StaticBody3D" type="StaticBody3D" parent="MapFloatIsland28" unique_id=1718096997]

[node name="CollisionShape3D" type="CollisionShape3D" parent="MapFloatIsland28/StaticBody3D" unique_id=1039248384]
shape = ExtResource("7_hmgw5")

[node name="MapFloatIsland02" type="MeshInstance3D" parent="." unique_id=1172570776]
transform = Transform3D(1, 0, 0, 0, 1, 0, 0, 0, 1, 27.7927, 16.9866, -4.3229)
mesh = ExtResource("3_gg0vi")

[node name="StaticBody3D" type="StaticBody3D" parent="MapFloatIsland02" unique_id=1793474116]

[node name="CollisionShape3D" type="CollisionShape3D" parent="MapFloatIsland02/StaticBody3D" unique_id=812441210]
shape = ExtResource("7_hmgw5")

[node name="MapFloatIsland03" type="MeshInstance3D" parent="." unique_id=884508353]
transform = Transform3D(1, 0, 0, 0, 1, 0, 0, 0, 1, 68.9855, 13.4489, -50.537)
mesh = ExtResource("3_gg0vi")

[node name="StaticBody3D" type="StaticBody3D" parent="MapFloatIsland03" unique_id=1491560647]

[node name="CollisionShape3D" type="CollisionShape3D" parent="MapFloatIsland03/StaticBody3D" unique_id=1330780209]
shape = ExtResource("7_hmgw5")

[node name="MapFloatIsland04" type="MeshInstance3D" parent="." unique_id=1880267473]
transform = Transform3D(1, 0, 0, 0, 1, 0, 0, 0, 1, 68.9855, 11.7744, -60.8288)
mesh = ExtResource("3_gg0vi")

[node name="StaticBody3D" type="StaticBody3D" parent="MapFloatIsland04" unique_id=1422240528]

[node name="CollisionShape3D" type="CollisionShape3D" parent="MapFloatIsland04/StaticBody3D" unique_id=1550799795]
shape = ExtResource("7_hmgw5")

[node name="MapFloatIsland05" type="MeshInstance3D" parent="." unique_id=696931858]
transform = Transform3D(1, 0, 0, 0, 1, 0, 0, 0, 1, 62.0578, 11.7744, -47.258)
mesh = ExtResource("3_gg0vi")

[node name="StaticBody3D" type="StaticBody3D" parent="MapFloatIsland05" unique_id=191375047]

[node name="CollisionShape3D" type="CollisionShape3D" parent="MapFloatIsland05/StaticBody3D" unique_id=234149239]
shape = ExtResource("7_hmgw5")

[node name="MapFloatIsland06" type="MeshInstance3D" parent="." unique_id=867586884]
transform = Transform3D(1, 0, 0, 0, 1, 0, 0, 0, 1, 62.0578, 10.399, -55.44)
mesh = ExtResource("3_gg0vi")

[node name="StaticBody3D" type="StaticBody3D" parent="MapFloatIsland06" unique_id=122605719]

[node name="CollisionShape3D" type="CollisionShape3D" parent="MapFloatIsland06/StaticBody3D" unique_id=356356428]
shape = ExtResource("7_hmgw5")

[node name="MapFloatIsland07" type="MeshInstance3D" parent="." unique_id=4914091]
transform = Transform3D(1, 0, 0, 0, 1, 0, 0, 0, 1, 9.21771, 10.399, -13.5)
mesh = ExtResource("3_gg0vi")

[node name="StaticBody3D" type="StaticBody3D" parent="MapFloatIsland07" unique_id=1109033514]

[node name="CollisionShape3D" type="CollisionShape3D" parent="MapFloatIsland07/StaticBody3D" unique_id=1845225272]
shape = ExtResource("7_hmgw5")

[node name="MapFloatIsland08" type="MeshInstance3D" parent="." unique_id=1018567293]
transform = Transform3D(1, 0, 0, 0, 1, 0, 0, 0, 1, 23.3414, 10.399, -137.352)
mesh = ExtResource("3_gg0vi")

[node name="StaticBody3D" type="StaticBody3D" parent="MapFloatIsland08" unique_id=758447604]

[node name="CollisionShape3D" type="CollisionShape3D" parent="MapFloatIsland08/StaticBody3D" unique_id=887552327]
shape = ExtResource("7_hmgw5")

[node name="MapFloatIsland09" type="MeshInstance3D" parent="." unique_id=1524153476]
transform = Transform3D(1, 0, 0, 0, 1, 0, 0, 0, 1, -34.8392, 10.399, -144.617)
mesh = ExtResource("3_gg0vi")

[node name="StaticBody3D" type="StaticBody3D" parent="MapFloatIsland09" unique_id=523717227]

[node name="CollisionShape3D" type="CollisionShape3D" parent="MapFloatIsland09/StaticBody3D" unique_id=2134465338]
shape = ExtResource("7_hmgw5")

[node name="MapFloatIsland10" type="MeshInstance3D" parent="." unique_id=235875026]
transform = Transform3D(1, 0, 0, 0, 1, 0, 0, 0, 1, -25.4352, 10.399, -120.127)
mesh = ExtResource("3_gg0vi")

[node name="StaticBody3D" type="StaticBody3D" parent="MapFloatIsland10" unique_id=1159565973]

[node name="CollisionShape3D" type="CollisionShape3D" parent="MapFloatIsland10/StaticBody3D" unique_id=467299342]
shape = ExtResource("7_hmgw5")

[node name="MapFloatIsland12" type="MeshInstance3D" parent="." unique_id=1613886312]
transform = Transform3D(1, 0, 0, 0, 1, 0, 0, 0, 1, -50.6243, 12.6915, -142.804)
mesh = ExtResource("3_gg0vi")

[node name="StaticBody3D" type="StaticBody3D" parent="MapFloatIsland12" unique_id=754829882]

[node name="CollisionShape3D" type="CollisionShape3D" parent="MapFloatIsland12/StaticBody3D" unique_id=1876672580]
shape = ExtResource("7_hmgw5")

[node name="MapFloatIsland13" type="MeshInstance3D" parent="." unique_id=560658520]
transform = Transform3D(1, 0, 0, 0, 1, 0, 0, 0, 1, -61.5129, 19.8136, -142.804)
mesh = ExtResource("3_gg0vi")

[node name="StaticBody3D" type="StaticBody3D" parent="MapFloatIsland13" unique_id=1733285399]

[node name="CollisionShape3D" type="CollisionShape3D" parent="MapFloatIsland13/StaticBody3D" unique_id=2126530306]
shape = ExtResource("7_hmgw5")

[node name="MapFloatIsland14" type="MeshInstance3D" parent="." unique_id=720437068]
transform = Transform3D(2, 0, 0, 0, 2, 0, 0, 0, 2, -74.7437, 22.1169, -142.804)
mesh = ExtResource("3_gg0vi")

[node name="StaticBody3D" type="StaticBody3D" parent="MapFloatIsland14" unique_id=672310565]

[node name="CollisionShape3D" type="CollisionShape3D" parent="MapFloatIsland14/StaticBody3D" unique_id=1666095382]
shape = ExtResource("7_hmgw5")

[node name="MapFloatIsland15" type="MeshInstance3D" parent="." unique_id=935543390]
transform = Transform3D(2, 0, 0, 0, 2, 0, 0, 0, 2, 44.2995, 9.93411, -163.835)
mesh = ExtResource("3_gg0vi")

[node name="StaticBody3D" type="StaticBody3D" parent="MapFloatIsland15" unique_id=1396199458]

[node name="CollisionShape3D" type="CollisionShape3D" parent="MapFloatIsland15/StaticBody3D" unique_id=415664632]
shape = ExtResource("7_hmgw5")

[node name="MapFloatIsland16" type="MeshInstance3D" parent="." unique_id=718040762]
transform = Transform3D(2, 0, 0, 0, 2, 0, 0, 0, 2, 36.1905, 9.93411, 24.3644)
mesh = ExtResource("3_gg0vi")

[node name="StaticBody3D" type="StaticBody3D" parent="MapFloatIsland16" unique_id=1564557582]

[node name="CollisionShape3D" type="CollisionShape3D" parent="MapFloatIsland16/StaticBody3D" unique_id=1802499000]
shape = ExtResource("7_hmgw5")

[node name="MapFloatIsland11" type="MeshInstance3D" parent="." unique_id=1436886667]
transform = Transform3D(1, 0, 0, 0, 1, 0, 0, 0, 1, -68.1807, 27.4978, -133.867)
mesh = ExtResource("3_gg0vi")

[node name="StaticBody3D" type="StaticBody3D" parent="MapFloatIsland11" unique_id=316144324]

[node name="CollisionShape3D" type="CollisionShape3D" parent="MapFloatIsland11/StaticBody3D" unique_id=1792580437]
shape = ExtResource("7_hmgw5")

[node name="Cactus" parent="." unique_id=1430399171 instance=ExtResource("4_hwtjs")]
transform = Transform3D(1, 0, 0, 0, 1, 0, 0, 0, 1, -16.379, 9.24538, -125.796)

[node name="Cactus2" parent="." unique_id=1787040461 instance=ExtResource("4_hwtjs")]
transform = Transform3D(1, 0, 0, 0, 1, 0, 0, 0, 1, -6.89787, 9.24538, -125.796)

[node name="Cactus3" parent="." unique_id=1098291171 instance=ExtResource("4_hwtjs")]
transform = Transform3D(1, 0, 0, 0, 1, 0, 0, 0, 1, -20.5707, 9.24538, -130.357)

[node name="Cactus4" parent="." unique_id=908728738 instance=ExtResource("4_hwtjs")]
transform = Transform3D(1, 0, 0, 0, 1, 0, 0, 0, 1, -10.9142, 9.24538, -132.111)

[node name="Cactus5" parent="." unique_id=565528932 instance=ExtResource("4_hwtjs")]
transform = Transform3D(1, 0, 0, 0, 1, 0, 0, 0, 1, 16.5201, 9.24538, -125.796)

[node name="Cactus6" parent="." unique_id=653304605 instance=ExtResource("4_hwtjs")]
transform = Transform3D(1, 0, 0, 0, 1, 0, 0, 0, 1, -2.59096, 9.24538, -132.023)

[node name="Cactus7" parent="." unique_id=297619657 instance=ExtResource("4_hwtjs")]
transform = Transform3D(1, 0, 0, 0, 1, 0, 0, 0, 1, 10.7496, 9.24538, -123.516)

[node name="Cactus8" parent="." unique_id=417323846 instance=ExtResource("4_hwtjs")]
transform = Transform3D(1, 0, 0, 0, 1, 0, 0, 0, 1, 12.7757, 9.24538, -134.128)

[node name="Cactus9" parent="." unique_id=1813726380 instance=ExtResource("4_hwtjs")]
transform = Transform3D(1, 0, 0, 0, 1, 0, 0, 0, 1, -13.6169, 9.34323, -155.468)

[node name="Cactus10" parent="." unique_id=326930137 instance=ExtResource("4_hwtjs")]
transform = Transform3D(1, 0, 0, 0, 1, 0, 0, 0, 1, -11.7662, 9.34323, -155.468)

[node name="Cactus11" parent="." unique_id=561622763 instance=ExtResource("4_hwtjs")]
transform = Transform3D(1, 0, 0, 0, 1, 0, 0, 0, 1, -10.0029, 9.34323, -155.468)

[node name="Cactus12" parent="." unique_id=1080120283 instance=ExtResource("4_hwtjs")]
transform = Transform3D(1, 0, 0, 0, 1, 0, 0, 0, 1, -8.15215, 9.34323, -155.468)

[node name="Cactus13" parent="." unique_id=542965677 instance=ExtResource("4_hwtjs")]
transform = Transform3D(1, 0, 0, 0, 1, 0, 0, 0, 1, -1.6796, 9.34323, -155.468)

[node name="Cactus14" parent="." unique_id=716234804 instance=ExtResource("4_hwtjs")]
transform = Transform3D(1, 0, 0, 0, 1, 0, 0, 0, 1, 0.17111, 9.34323, -155.468)

[node name="Cactus15" parent="." unique_id=939678846 instance=ExtResource("4_hwtjs")]
transform = Transform3D(1, 0, 0, 0, 1, 0, 0, 0, 1, 1.93444, 9.34323, -155.468)

[node name="Cactus16" parent="." unique_id=617907549 instance=ExtResource("4_hwtjs")]
transform = Transform3D(1, 0, 0, 0, 1, 0, 0, 0, 1, 3.78515, 9.34323, -155.468)

[node name="Cactus17" parent="." unique_id=187484871 instance=ExtResource("4_hwtjs")]
transform = Transform3D(1, 0, 0, 0, 1, 0, 0, 0, 1, 11.9845, 9.34323, -155.392)

[node name="Cactus18" parent="." unique_id=1725592438 instance=ExtResource("4_hwtjs")]
transform = Transform3D(1, 0, 0, 0, 1, 0, 0, 0, 1, 13.8352, 9.34323, -155.392)

[node name="Cactus19" parent="." unique_id=364761625 instance=ExtResource("4_hwtjs")]
transform = Transform3D(1, 0, 0, 0, 1, 0, 0, 0, 1, 15.5986, 9.34323, -155.392)

[node name="Cactus81" parent="." unique_id=1721075224 instance=ExtResource("4_hwtjs")]
transform = Transform3D(1, 0, 0, 0, 1, 0, 0, 0, 1, 33.4459, 9.23832, -102.651)

[node name="Cactus82" parent="." unique_id=647259506 instance=ExtResource("4_hwtjs")]
transform = Transform3D(1, 0, 0, 0, 1, 0, 0, 0, 1, 41.2912, 9.34323, -94.1468)

[node name="Cactus20" parent="." unique_id=469129682 instance=ExtResource("4_hwtjs")]
transform = Transform3D(1, 0, 0, 0, 1, 0, 0, 0, 1, 17.4493, 9.34323, -155.392)

[node name="Cactus21" parent="." unique_id=281861375 instance=ExtResource("4_hwtjs")]
transform = Transform3D(1, 0, 0, 0, 1, 0, 0, 0, 1, -21.2417, 9.34323, -155.392)

[node name="Cactus22" parent="." unique_id=1295597878 instance=ExtResource("4_hwtjs")]
transform = Transform3D(1, 0, 0, 0, 1, 0, 0, 0, 1, -19.391, 9.34323, -155.392)

[node name="Cactus23" parent="." unique_id=450323460 instance=ExtResource("4_hwtjs")]
transform = Transform3D(1, 0, 0, 0, 1, 0, 0, 0, 1, -17.6276, 9.34323, -155.392)

[node name="Cactus24" parent="." unique_id=2116530533 instance=ExtResource("4_hwtjs")]
transform = Transform3D(1, 0, 0, 0, 1, 0, 0, 0, 1, -15.7769, 9.34323, -155.392)

[node name="Cactus25" parent="." unique_id=200197973 instance=ExtResource("4_hwtjs")]
transform = Transform3D(1, 0, 0, 0, 1, 0, 0, 0, 1, 5.06609, 9.34323, -155.493)

[node name="Cactus26" parent="." unique_id=575599201 instance=ExtResource("4_hwtjs")]
transform = Transform3D(1, 0, 0, 0, 1, 0, 0, 0, 1, 6.9168, 9.34323, -155.493)

[node name="Cactus27" parent="." unique_id=1369537818 instance=ExtResource("4_hwtjs")]
transform = Transform3D(1, 0, 0, 0, 1, 0, 0, 0, 1, 8.68013, 9.34323, -155.493)

[node name="Cactus28" parent="." unique_id=592778549 instance=ExtResource("4_hwtjs")]
transform = Transform3D(1, 0, 0, 0, 1, 0, 0, 0, 1, 10.5308, 9.34323, -155.493)

[node name="Cactus29" parent="." unique_id=1699428080 instance=ExtResource("4_hwtjs")]
transform = Transform3D(1, 0, 0, 0, 1, 0, 0, 0, 1, -28.3231, 9.34323, -155.54)

[node name="Cactus30" parent="." unique_id=731231857 instance=ExtResource("4_hwtjs")]
transform = Transform3D(1, 0, 0, 0, 1, 0, 0, 0, 1, -26.4724, 9.34323, -155.54)

[node name="Cactus31" parent="." unique_id=1802486247 instance=ExtResource("4_hwtjs")]
transform = Transform3D(1, 0, 0, 0, 1, 0, 0, 0, 1, -24.7091, 9.34323, -155.54)

[node name="Cactus32" parent="." unique_id=1927323634 instance=ExtResource("4_hwtjs")]
transform = Transform3D(1, 0, 0, 0, 1, 0, 0, 0, 1, -22.8584, 9.34323, -155.54)

[node name="Cactus33" parent="." unique_id=1603573949 instance=ExtResource("4_hwtjs")]
transform = Transform3D(-0.0504709, 0, -0.998726, 0, 1, 0, 0.998726, 0, -0.0504709, -29.7353, 9.34323, -160.995)

[node name="Cactus34" parent="." unique_id=1273317996 instance=ExtResource("4_hwtjs")]
transform = Transform3D(-0.0504709, 0, -0.998726, 0, 1, 0, 0.998726, 0, -0.0504709, -29.8287, 9.34323, -159.147)

[node name="Cactus35" parent="." unique_id=1152926937 instance=ExtResource("4_hwtjs")]
transform = Transform3D(-0.0504709, 0, -0.998726, 0, 1, 0, 0.998726, 0, -0.0504709, -29.9177, 9.34323, -157.386)

[node name="Cactus36" parent="." unique_id=1741743100 instance=ExtResource("4_hwtjs")]
transform = Transform3D(-0.0504709, 0, -0.998726, 0, 1, 0, 0.998726, 0, -0.0504709, -30.0111, 9.34323, -155.537)

[node name="Cactus37" parent="." unique_id=1257014311 instance=ExtResource("4_hwtjs")]
transform = Transform3D(-0.0504709, 0, -0.998726, 0, 1, 0, 0.998726, 0, -0.0504709, -29.7353, 9.34323, -168.288)

[node name="Cactus38" parent="." unique_id=989549479 instance=ExtResource("4_hwtjs")]
transform = Transform3D(-0.0504709, 0, -0.998726, 0, 1, 0, 0.998726, 0, -0.0504709, -29.8287, 9.34323, -166.44)

[node name="Cactus39" parent="." unique_id=1003374971 instance=ExtResource("4_hwtjs")]
transform = Transform3D(-0.0504709, 0, -0.998726, 0, 1, 0, 0.998726, 0, -0.0504709, -29.9177, 9.34323, -164.679)

[node name="Cactus40" parent="." unique_id=466191226 instance=ExtResource("4_hwtjs")]
transform = Transform3D(-0.0504709, 0, -0.998726, 0, 1, 0, 0.998726, 0, -0.0504709, -30.0111, 9.34323, -162.83)

[node name="Cactus41" parent="." unique_id=830434613 instance=ExtResource("4_hwtjs")]
transform = Transform3D(-0.0504709, 0, -0.998726, 0, 1, 0, 0.998726, 0, -0.0504709, -29.7353, 9.34323, -175.765)

[node name="Cactus42" parent="." unique_id=857876709 instance=ExtResource("4_hwtjs")]
transform = Transform3D(-0.0504709, 0, -0.998726, 0, 1, 0, 0.998726, 0, -0.0504709, -29.8287, 9.34323, -173.917)

[node name="Cactus43" parent="." unique_id=893032038 instance=ExtResource("4_hwtjs")]
transform = Transform3D(-0.0504709, 0, -0.998726, 0, 1, 0, 0.998726, 0, -0.0504709, -29.9177, 9.34323, -172.156)

[node name="Cactus44" parent="." unique_id=415426925 instance=ExtResource("4_hwtjs")]
transform = Transform3D(-0.0504709, 0, -0.998726, 0, 1, 0, 0.998726, 0, -0.0504709, -30.0111, 9.34323, -170.308)

[node name="Cactus45" parent="." unique_id=2109229646 instance=ExtResource("4_hwtjs")]
transform = Transform3D(-0.0504709, 0, -0.998726, 0, 1, 0, 0.998726, 0, -0.0504709, -28.6905, 9.34323, -183.059)

[node name="Cactus46" parent="." unique_id=1580056210 instance=ExtResource("4_hwtjs")]
transform = Transform3D(-0.0504709, 0, -0.998726, 0, 1, 0, 0.998726, 0, -0.0504709, -28.784, 9.34323, -181.21)

[node name="Cactus47" parent="." unique_id=1014012319 instance=ExtResource("4_hwtjs")]
transform = Transform3D(-0.0504709, 0, -0.998726, 0, 1, 0, 0.998726, 0, -0.0504709, -28.8729, 9.34323, -179.449)

[node name="Cactus48" parent="." unique_id=309166526 instance=ExtResource("4_hwtjs")]
transform = Transform3D(-0.0504709, 0, -0.998726, 0, 1, 0, 0.998726, 0, -0.0504709, -28.9664, 9.34323, -177.601)

[node name="Cactus49" parent="." unique_id=2089372486 instance=ExtResource("4_hwtjs")]
transform = Transform3D(-0.0504709, 0, -0.998726, 0, 1, 0, 0.998726, 0, -0.0504709, -28.6905, 9.34323, -190.727)

[node name="Cactus50" parent="." unique_id=914345527 instance=ExtResource("4_hwtjs")]
transform = Transform3D(-0.0504709, 0, -0.998726, 0, 1, 0, 0.998726, 0, -0.0504709, -28.784, 9.34323, -188.879)

[node name="Cactus51" parent="." unique_id=723550153 instance=ExtResource("4_hwtjs")]
transform = Transform3D(-0.0504709, 0, -0.998726, 0, 1, 0, 0.998726, 0, -0.0504709, -28.8729, 9.34323, -187.117)

[node name="Cactus52" parent="." unique_id=547749096 instance=ExtResource("4_hwtjs")]
transform = Transform3D(-0.0504709, 0, -0.998726, 0, 1, 0, 0.998726, 0, -0.0504709, -28.9664, 9.34323, -185.269)

[node name="BasicIsland" type="CSGSphere3D" parent="Cactus52" unique_id=528316552]
transform = Transform3D(1, 0, -3.72529e-09, 0, 1, 0, 3.72529e-09, 0, 1, 217.667, -15.3429, -49.5621)
radius = 14.0
material = SubResource("StandardMaterial3D_87k3a")
metadata/_edit_group_ = true

[node name="CSGCylinder3D" type="CSGCylinder3D" parent="Cactus52/BasicIsland" unique_id=1493421039]
transform = Transform3D(1, 0, 0, 0, 1, 0, 0, 0, 1, 0, 7, 0)
operation = 2
radius = 16.0
height = 14.0
material = SubResource("StandardMaterial3D_xp6ic")

[node name="StaticBody3D" type="StaticBody3D" parent="Cactus52/BasicIsland" unique_id=1867628875]

[node name="CollisionShape3D" type="CollisionShape3D" parent="Cactus52/BasicIsland/StaticBody3D" unique_id=1951642183]
transform = Transform3D(1, 0, 0, 0, 1, 0, 0, 0, 1, 0, -3, 0)
shape = SubResource("CylinderShape3D_m3a8x")

[node name="Cactus53" parent="." unique_id=539616221 instance=ExtResource("4_hwtjs")]
transform = Transform3D(-0.999963, 0, 0.00856946, 0, 1, 0, -0.00856946, 0, -0.999963, -22.4039, 9.35952, -191.469)

[node name="Cactus54" parent="." unique_id=67401354 instance=ExtResource("4_hwtjs")]
transform = Transform3D(-0.999963, 0, 0.00856946, 0, 1, 0, -0.00856946, 0, -0.999963, -24.2545, 9.35952, -191.485)

[node name="Cactus55" parent="." unique_id=324308670 instance=ExtResource("4_hwtjs")]
transform = Transform3D(-0.999963, 0, 0.00856946, 0, 1, 0, -0.00856946, 0, -0.999963, -26.0178, 9.35952, -191.5)

[node name="Cactus56" parent="." unique_id=111013174 instance=ExtResource("4_hwtjs")]
transform = Transform3D(-0.999963, 0, 0.00856946, 0, 1, 0, -0.00856946, 0, -0.999963, -27.8684, 9.35952, -191.516)

[node name="Cactus57" parent="." unique_id=47871114 instance=ExtResource("4_hwtjs")]
transform = Transform3D(-0.0504709, 0, -0.998726, 0, 1, 0, 0.998726, 0, -0.0504709, 20.1036, 9.34323, -160.995)

[node name="Cactus58" parent="." unique_id=646759724 instance=ExtResource("4_hwtjs")]
transform = Transform3D(-0.0504709, 0, -0.998726, 0, 1, 0, 0.998726, 0, -0.0504709, 20.0102, 9.34323, -159.147)

[node name="Cactus59" parent="." unique_id=1807328872 instance=ExtResource("4_hwtjs")]
transform = Transform3D(-0.0504709, 0, -0.998726, 0, 1, 0, 0.998726, 0, -0.0504709, 19.9212, 9.34323, -157.386)

[node name="Cactus60" parent="." unique_id=847308979 instance=ExtResource("4_hwtjs")]
transform = Transform3D(-0.0504709, 0, -0.998726, 0, 1, 0, 0.998726, 0, -0.0504709, 19.8278, 9.34323, -155.537)

[node name="Cactus61" parent="." unique_id=1740125687 instance=ExtResource("4_hwtjs")]
transform = Transform3D(-0.0504709, 0, -0.998726, 0, 1, 0, 0.998726, 0, -0.0504709, 20.1036, 9.34323, -168.288)

[node name="Cactus62" parent="." unique_id=1114539498 instance=ExtResource("4_hwtjs")]
transform = Transform3D(-0.0504709, 0, -0.998726, 0, 1, 0, 0.998726, 0, -0.0504709, 20.0102, 9.34323, -166.44)

[node name="Cactus63" parent="." unique_id=79349248 instance=ExtResource("4_hwtjs")]
transform = Transform3D(-0.0504709, 0, -0.998726, 0, 1, 0, 0.998726, 0, -0.0504709, 19.9212, 9.34323, -164.679)

[node name="Cactus64" parent="." unique_id=2066240664 instance=ExtResource("4_hwtjs")]
transform = Transform3D(-0.0504709, 0, -0.998726, 0, 1, 0, 0.998726, 0, -0.0504709, 19.8278, 9.34323, -162.83)

[node name="Cactus65" parent="." unique_id=1961742011 instance=ExtResource("4_hwtjs")]
transform = Transform3D(-0.0504709, 0, -0.998726, 0, 1, 0, 0.998726, 0, -0.0504709, 20.1036, 9.34323, -175.765)

[node name="Cactus66" parent="." unique_id=1099362742 instance=ExtResource("4_hwtjs")]
transform = Transform3D(-0.0504709, 0, -0.998726, 0, 1, 0, 0.998726, 0, -0.0504709, 20.0102, 9.34323, -173.917)

[node name="Cactus67" parent="." unique_id=1139605418 instance=ExtResource("4_hwtjs")]
transform = Transform3D(-0.0504709, 0, -0.998726, 0, 1, 0, 0.998726, 0, -0.0504709, 19.9212, 9.34323, -172.156)

[node name="Cactus68" parent="." unique_id=280509344 instance=ExtResource("4_hwtjs")]
transform = Transform3D(-0.0504709, 0, -0.998726, 0, 1, 0, 0.998726, 0, -0.0504709, 19.8278, 9.34323, -170.308)

[node name="Cactus69" parent="." unique_id=478013297 instance=ExtResource("4_hwtjs")]
transform = Transform3D(-0.0504709, 0, -0.998726, 0, 1, 0, 0.998726, 0, -0.0504709, 20.1036, 9.34323, -183.059)

[node name="Cactus70" parent="." unique_id=1490930999 instance=ExtResource("4_hwtjs")]
transform = Transform3D(-0.0504709, 0, -0.998726, 0, 1, 0, 0.998726, 0, -0.0504709, 20.0102, 9.34323, -181.21)

[node name="Cactus71" parent="." unique_id=222975505 instance=ExtResource("4_hwtjs")]
transform = Transform3D(-0.0504709, 0, -0.998726, 0, 1, 0, 0.998726, 0, -0.0504709, 19.9212, 9.34323, -179.449)

[node name="Cactus72" parent="." unique_id=569686959 instance=ExtResource("4_hwtjs")]
transform = Transform3D(-0.0504709, 0, -0.998726, 0, 1, 0, 0.998726, 0, -0.0504709, 19.8278, 9.34323, -177.601)

[node name="Cactus73" parent="." unique_id=387917192 instance=ExtResource("4_hwtjs")]
transform = Transform3D(-0.0504709, 0, -0.998726, 0, 1, 0, 0.998726, 0, -0.0504709, 20.1036, 9.34323, -190.727)

[node name="Cactus74" parent="." unique_id=1584895866 instance=ExtResource("4_hwtjs")]
transform = Transform3D(-0.0504709, 0, -0.998726, 0, 1, 0, 0.998726, 0, -0.0504709, 20.0102, 9.34323, -188.879)

[node name="Cactus75" parent="." unique_id=1099922915 instance=ExtResource("4_hwtjs")]
transform = Transform3D(-0.0504709, 0, -0.998726, 0, 1, 0, 0.998726, 0, -0.0504709, 19.9212, 9.34323, -187.117)

[node name="Cactus76" parent="." unique_id=1645953767 instance=ExtResource("4_hwtjs")]
transform = Transform3D(-0.0504709, 0, -0.998726, 0, 1, 0, 0.998726, 0, -0.0504709, 19.8278, 9.34323, -185.269)

[node name="Cactus77" parent="." unique_id=1150686069 instance=ExtResource("4_hwtjs")]
transform = Transform3D(-0.0504709, 0, -0.998726, 0, 1, 0, 0.998726, 0, -0.0504709, 13.3416, 8.28186, -191.501)

[node name="Cactus78" parent="." unique_id=1979712238 instance=ExtResource("4_hwtjs")]
transform = Transform3D(-0.0504709, 0, -0.998726, 0, 1, 0, 0.998726, 0, -0.0504709, 14.8499, 9.34323, -191.404)

[node name="Cactus79" parent="." unique_id=588285530 instance=ExtResource("4_hwtjs")]
transform = Transform3D(-0.0504709, 0, -0.998726, 0, 1, 0, 0.998726, 0, -0.0504709, 18.0717, 9.34323, -191.589)

[node name="Cactus80" parent="." unique_id=539474278 instance=ExtResource("4_hwtjs")]
transform = Transform3D(-0.0504709, 0, -0.998726, 0, 1, 0, 0.998726, 0, -0.0504709, 16.4969, 9.34323, -191.505)

[node name="Node3D" parent="." unique_id=53510501 instance=ExtResource("5_6m3iq")]
transform = Transform3D(1, 0, 0, 0, 1, 0, 0, 0, 1, 3.98726, 9.11487, -130.014)

[node name="Node3D2" parent="." unique_id=424279160 instance=ExtResource("5_6m3iq")]
transform = Transform3D(1, 0, 0, 0, 1, 0, 0, 0, 1, 15.9873, 9.11487, -149.014)

[node name="Node3D3" parent="." unique_id=125847897 instance=ExtResource("5_6m3iq")]
transform = Transform3D(1, 0, 0, 0, 1, 0, 0, 0, 1, -30.0127, 9.11487, -135.014)

[node name="Node3D4" parent="." unique_id=719288774 instance=ExtResource("5_6m3iq")]
